dat_Subject,list,display_order,type,id,con,fab_stimulus,fab_question,fab_key,fab_instruction,fab_feedback,dat_Trial,dat_Window,dat_WindowSequence,dat_LoopNumber,dat_LoopPosition,dat_LoopSum,dat_AreaNumber,dat_AreaPosition,dat_AreaSum,dat_ReactionTime,dat_Time,dat_Ans,dat_AnsReactionTime,dat_Accuracy
214,2,p1,practice,practice_1,,/+/The patient listened to the doctor's advice after he felt hopeless./,Did the patient follow the doctor?,Y,ins.jpg,1,1,+,1,1,1,1,1,1,1,2059,1562932366086,Y,14561,1
214,2,p1,practice,practice_1,,/+/The patient listened to the doctor's advice after he felt hopeless./,Did the patient follow the doctor?,Y,ins.jpg,1,1,The,2,2,1,11,1,1,11,1048,1562932367134,Y,14561,1
214,2,p1,practice,practice_1,,/+/The patient listened to the doctor's advice after he felt hopeless./,Did the patient follow the doctor?,Y,ins.jpg,1,1,patient,3,2,2,11,1,2,11,816,1562932367950,Y,14561,1
214,2,p1,practice,practice_1,,/+/The patient listened to the doctor's advice after he felt hopeless./,Did the patient follow the doctor?,Y,ins.jpg,1,1,listened,4,2,3,11,1,3,11,696,1562932368646,Y,14561,1
214,2,p1,practice,practice_1,,/+/The patient listened to the doctor's advice after he felt hopeless./,Did the patient follow the doctor?,Y,ins.jpg,1,1,to,5,2,4,11,1,4,11,992,1562932369638,Y,14561,1
214,2,p1,practice,practice_1,,/+/The patient listened to the doctor's advice after he felt hopeless./,Did the patient follow the doctor?,Y,ins.jpg,1,1,the,6,2,5,11,1,5,11,1600,1562932371238,Y,14561,1
214,2,p1,practice,practice_1,,/+/The patient listened to the doctor's advice after he felt hopeless./,Did the patient follow the doctor?,Y,ins.jpg,1,1,doctor's,7,2,6,11,1,6,11,1464,1562932372702,Y,14561,1
214,2,p1,practice,practice_1,,/+/The patient listened to the doctor's advice after he felt hopeless./,Did the patient follow the doctor?,Y,ins.jpg,1,1,advice,8,2,7,11,1,7,11,1952,1562932374654,Y,14561,1
214,2,p1,practice,practice_1,,/+/The patient listened to the doctor's advice after he felt hopeless./,Did the patient follow the doctor?,Y,ins.jpg,1,1,after,9,2,8,11,1,8,11,912,1562932375566,Y,14561,1
214,2,p1,practice,practice_1,,/+/The patient listened to the doctor's advice after he felt hopeless./,Did the patient follow the doctor?,Y,ins.jpg,1,1,he,10,2,9,11,1,9,11,848,1562932376414,Y,14561,1
214,2,p1,practice,practice_1,,/+/The patient listened to the doctor's advice after he felt hopeless./,Did the patient follow the doctor?,Y,ins.jpg,1,1,felt,11,2,10,11,1,10,11,847,1562932377261,Y,14561,1
214,2,p1,practice,practice_1,,/+/The patient listened to the doctor's advice after he felt hopeless./,Did the patient follow the doctor?,Y,ins.jpg,1,1,hopeless.,12,2,11,11,1,11,11,1401,1562932378662,Y,14561,1
214,2,p2,practice,practice_2,,/+/The visitors knew little about how the painting was created./,Did the visitors know how the painting was created?,N,,1,2,+,1,1,1,1,1,1,1,2549,1562932396277,N,4746,1
214,2,p2,practice,practice_2,,/+/The visitors knew little about how the painting was created./,Did the visitors know how the painting was created?,N,,1,2,The,2,2,1,10,1,1,10,447,1562932396725,N,4746,1
214,2,p2,practice,practice_2,,/+/The visitors knew little about how the painting was created./,Did the visitors know how the painting was created?,N,,1,2,visitors,3,2,2,10,1,2,10,1968,1562932398693,N,4746,1
214,2,p2,practice,practice_2,,/+/The visitors knew little about how the painting was created./,Did the visitors know how the painting was created?,N,,1,2,knew,4,2,3,10,1,3,10,544,1562932399237,N,4746,1
214,2,p2,practice,practice_2,,/+/The visitors knew little about how the painting was created./,Did the visitors know how the painting was created?,N,,1,2,little,5,2,4,10,1,4,10,784,1562932400021,N,4746,1
214,2,p2,practice,practice_2,,/+/The visitors knew little about how the painting was created./,Did the visitors know how the painting was created?,N,,1,2,about,6,2,5,10,1,5,10,1127,1562932401149,N,4746,1
214,2,p2,practice,practice_2,,/+/The visitors knew little about how the painting was created./,Did the visitors know how the painting was created?,N,,1,2,how,7,2,6,10,1,6,10,632,1562932401781,N,4746,1
214,2,p2,practice,practice_2,,/+/The visitors knew little about how the painting was created./,Did the visitors know how the painting was created?,N,,1,2,the,8,2,7,10,1,7,10,1040,1562932402821,N,4746,1
214,2,p2,practice,practice_2,,/+/The visitors knew little about how the painting was created./,Did the visitors know how the painting was created?,N,,1,2,painting,9,2,8,10,1,8,10,3960,1562932406781,N,4746,1
214,2,p2,practice,practice_2,,/+/The visitors knew little about how the painting was created./,Did the visitors know how the painting was created?,N,,1,2,the,10,2,7,10,1,7,10,336,1562932407117,N,4746,1
214,2,p2,practice,practice_2,,/+/The visitors knew little about how the painting was created./,Did the visitors know how the painting was created?,N,,1,2,how,11,2,6,10,1,6,10,264,1562932407381,N,4746,1
214,2,p2,practice,practice_2,,/+/The visitors knew little about how the painting was created./,Did the visitors know how the painting was created?,N,,1,2,about,12,2,5,10,1,5,10,240,1562932407621,N,4746,1
214,2,p2,practice,practice_2,,/+/The visitors knew little about how the painting was created./,Did the visitors know how the painting was created?,N,,1,2,little,13,2,4,10,1,4,10,240,1562932407861,N,4746,1
214,2,p2,practice,practice_2,,/+/The visitors knew little about how the painting was created./,Did the visitors know how the painting was created?,N,,1,2,knew,14,2,3,10,1,3,10,272,1562932408133,N,4746,1
214,2,p2,practice,practice_2,,/+/The visitors knew little about how the painting was created./,Did the visitors know how the painting was created?,N,,1,2,visitors,15,2,2,10,1,2,10,496,1562932408629,N,4746,1
214,2,p2,practice,practice_2,,/+/The visitors knew little about how the painting was created./,Did the visitors know how the painting was created?,N,,1,2,The,16,2,1,10,1,1,10,456,1562932409085,N,4746,1
214,2,p2,practice,practice_2,,/+/The visitors knew little about how the painting was created./,Did the visitors know how the painting was created?,N,,1,2,visitors,17,2,2,10,1,2,10,456,1562932409541,N,4746,1
214,2,p2,practice,practice_2,,/+/The visitors knew little about how the painting was created./,Did the visitors know how the painting was created?,N,,1,2,knew,18,2,3,10,1,3,10,984,1562932410525,N,4746,1
214,2,p2,practice,practice_2,,/+/The visitors knew little about how the painting was created./,Did the visitors know how the painting was created?,N,,1,2,little,19,2,4,10,1,4,10,455,1562932410980,N,4746,1
214,2,p2,practice,practice_2,,/+/The visitors knew little about how the painting was created./,Did the visitors know how the painting was created?,N,,1,2,about,20,2,5,10,1,5,10,361,1562932411341,N,4746,1
214,2,p2,practice,practice_2,,/+/The visitors knew little about how the painting was created./,Did the visitors know how the painting was created?,N,,1,2,how,21,2,6,10,1,6,10,304,1562932411645,N,4746,1
214,2,p2,practice,practice_2,,/+/The visitors knew little about how the painting was created./,Did the visitors know how the painting was created?,N,,1,2,the,22,2,7,10,1,7,10,271,1562932411916,N,4746,1
214,2,p2,practice,practice_2,,/+/The visitors knew little about how the painting was created./,Did the visitors know how the painting was created?,N,,1,2,painting,23,2,8,10,1,8,10,368,1562932412285,N,4746,1
214,2,p2,practice,practice_2,,/+/The visitors knew little about how the painting was created./,Did the visitors know how the painting was created?,N,,1,2,was,24,2,9,10,1,9,10,432,1562932412717,N,4746,1
214,2,p2,practice,practice_2,,/+/The visitors knew little about how the painting was created./,Did the visitors know how the painting was created?,N,,1,2,created.,25,2,10,10,1,10,10,1072,1562932413789,N,4746,1
214,2,p3,practice,practice_3,,/+/The old lady lived further away from the city center./,Did the old lady live in the city center?,N,,1,3,+,1,1,1,1,1,1,1,784,1562932419829,N,1791,1
214,2,p3,practice,practice_3,,/+/The old lady lived further away from the city center./,Did the old lady live in the city center?,N,,1,3,The,2,2,1,10,1,1,10,488,1562932420317,N,1791,1
214,2,p3,practice,practice_3,,/+/The old lady lived further away from the city center./,Did the old lady live in the city center?,N,,1,3,old,3,2,2,10,1,2,10,576,1562932420893,N,1791,1
214,2,p3,practice,practice_3,,/+/The old lady lived further away from the city center./,Did the old lady live in the city center?,N,,1,3,lady,4,2,3,10,1,3,10,664,1562932421557,N,1791,1
214,2,p3,practice,practice_3,,/+/The old lady lived further away from the city center./,Did the old lady live in the city center?,N,,1,3,lived,5,2,4,10,1,4,10,1408,1562932422965,N,1791,1
214,2,p3,practice,practice_3,,/+/The old lady lived further away from the city center./,Did the old lady live in the city center?,N,,1,3,further,6,2,5,10,1,5,10,1018,1562932423983,N,1791,1
214,2,p3,practice,practice_3,,/+/The old lady lived further away from the city center./,Did the old lady live in the city center?,N,,1,3,away,7,2,6,10,1,6,10,1096,1562932425079,N,1791,1
214,2,p3,practice,practice_3,,/+/The old lady lived further away from the city center./,Did the old lady live in the city center?,N,,1,3,from,8,2,7,10,1,7,10,560,1562932425639,N,1791,1
214,2,p3,practice,practice_3,,/+/The old lady lived further away from the city center./,Did the old lady live in the city center?,N,,1,3,the,9,2,8,10,1,8,10,591,1562932426230,N,1791,1
214,2,p3,practice,practice_3,,/+/The old lady lived further away from the city center./,Did the old lady live in the city center?,N,,1,3,city,10,2,9,10,1,9,10,705,1562932426935,N,1791,1
214,2,p3,practice,practice_3,,/+/The old lady lived further away from the city center./,Did the old lady live in the city center?,N,,1,3,center.,11,2,10,10,1,10,10,1064,1562932427999,N,1791,1
214,2,p4,practice,practice_4,,/+/The maid looked at the hostess with a nervous smile./,Did the maid feel nervous? ,Y,,1,4,+,1,1,1,1,1,1,1,536,1562932430830,Y,3434,1
214,2,p4,practice,practice_4,,/+/The maid looked at the hostess with a nervous smile./,Did the maid feel nervous? ,Y,,1,4,The,2,2,1,10,1,1,10,391,1562932431222,Y,3434,1
214,2,p4,practice,practice_4,,/+/The maid looked at the hostess with a nervous smile./,Did the maid feel nervous? ,Y,,1,4,maid,3,2,2,10,1,2,10,999,1562932432222,Y,3434,1
214,2,p4,practice,practice_4,,/+/The maid looked at the hostess with a nervous smile./,Did the maid feel nervous? ,Y,,1,4,looked,4,2,3,10,1,3,10,1239,1562932433462,Y,3434,1
214,2,p4,practice,practice_4,,/+/The maid looked at the hostess with a nervous smile./,Did the maid feel nervous? ,Y,,1,4,at,5,2,4,10,1,4,10,6384,1562932439846,Y,3434,1
214,2,p4,practice,practice_4,,/+/The maid looked at the hostess with a nervous smile./,Did the maid feel nervous? ,Y,,1,4,the,6,2,5,10,1,5,10,919,1562932440766,Y,3434,1
214,2,p4,practice,practice_4,,/+/The maid looked at the hostess with a nervous smile./,Did the maid feel nervous? ,Y,,1,4,hostess,7,2,6,10,1,6,10,1080,1562932441846,Y,3434,1
214,2,p4,practice,practice_4,,/+/The maid looked at the hostess with a nervous smile./,Did the maid feel nervous? ,Y,,1,4,with,8,2,7,10,1,7,10,592,1562932442438,Y,3434,1
214,2,p4,practice,practice_4,,/+/The maid looked at the hostess with a nervous smile./,Did the maid feel nervous? ,Y,,1,4,a,9,2,8,10,1,8,10,536,1562932442974,Y,3434,1
214,2,p4,practice,practice_4,,/+/The maid looked at the hostess with a nervous smile./,Did the maid feel nervous? ,Y,,1,4,nervous,10,2,9,10,1,9,10,952,1562932443926,Y,3434,1
214,2,p4,practice,practice_4,,/+/The maid looked at the hostess with a nervous smile./,Did the maid feel nervous? ,Y,,1,4,smile.,11,2,10,10,1,10,10,3872,1562932447798,Y,3434,1
214,2,p4,practice,practice_4,,/+/The maid looked at the hostess with a nervous smile./,Did the maid feel nervous? ,Y,,1,4,nervous,12,2,9,10,1,9,10,288,1562932448086,Y,3434,1
214,2,p4,practice,practice_4,,/+/The maid looked at the hostess with a nervous smile./,Did the maid feel nervous? ,Y,,1,4,a,13,2,8,10,1,8,10,280,1562932448366,Y,3434,1
214,2,p4,practice,practice_4,,/+/The maid looked at the hostess with a nervous smile./,Did the maid feel nervous? ,Y,,1,4,with,14,2,7,10,1,7,10,287,1562932448653,Y,3434,1
214,2,p4,practice,practice_4,,/+/The maid looked at the hostess with a nervous smile./,Did the maid feel nervous? ,Y,,1,4,hostess,15,2,6,10,1,6,10,281,1562932448934,Y,3434,1
214,2,p4,practice,practice_4,,/+/The maid looked at the hostess with a nervous smile./,Did the maid feel nervous? ,Y,,1,4,the,16,2,5,10,1,5,10,568,1562932449502,Y,3434,1
214,2,p4,practice,practice_4,,/+/The maid looked at the hostess with a nervous smile./,Did the maid feel nervous? ,Y,,1,4,hostess,17,2,6,10,1,6,10,296,1562932449798,Y,3434,1
214,2,p4,practice,practice_4,,/+/The maid looked at the hostess with a nervous smile./,Did the maid feel nervous? ,Y,,1,4,with,18,2,7,10,1,7,10,264,1562932450062,Y,3434,1
214,2,p4,practice,practice_4,,/+/The maid looked at the hostess with a nervous smile./,Did the maid feel nervous? ,Y,,1,4,a,19,2,8,10,1,8,10,704,1562932450766,Y,3434,1
214,2,p4,practice,practice_4,,/+/The maid looked at the hostess with a nervous smile./,Did the maid feel nervous? ,Y,,1,4,nervous,20,2,9,10,1,9,10,448,1562932451214,Y,3434,1
214,2,p4,practice,practice_4,,/+/The maid looked at the hostess with a nervous smile./,Did the maid feel nervous? ,Y,,1,4,smile.,21,2,10,10,1,10,10,552,1562932451766,Y,3434,1
214,2,p5,practice,practice_5,,/+/The young lady * sent a red rose * became * really embarrassed./,Did the lady send a red rose?,N,,1,5,+,1,1,1,1,1,1,1,936,1562932456638,N,2195,1
214,2,p5,practice,practice_5,,/+/The young lady * sent a red rose * became * really embarrassed./,Did the lady send a red rose?,N,,1,5,The,2,2,1,10,1,1,3,456,1562932457094,N,2195,1
214,2,p5,practice,practice_5,,/+/The young lady * sent a red rose * became * really embarrassed./,Did the lady send a red rose?,N,,1,5,young,3,2,2,10,1,2,3,520,1562932457614,N,2195,1
214,2,p5,practice,practice_5,,/+/The young lady * sent a red rose * became * really embarrassed./,Did the lady send a red rose?,N,,1,5,lady,4,2,3,10,1,3,3,1416,1562932459030,N,2195,1
214,2,p5,practice,practice_5,,/+/The young lady * sent a red rose * became * really embarrassed./,Did the lady send a red rose?,N,,1,5,sent,5,2,4,10,2,1,4,1815,1562932460845,N,2195,1
214,2,p5,practice,practice_5,,/+/The young lady * sent a red rose * became * really embarrassed./,Did the lady send a red rose?,N,,1,5,a,6,2,5,10,2,2,4,1457,1562932462302,N,2195,1
214,2,p5,practice,practice_5,,/+/The young lady * sent a red rose * became * really embarrassed./,Did the lady send a red rose?,N,,1,5,red,7,2,6,10,2,3,4,760,1562932463062,N,2195,1
214,2,p5,practice,practice_5,,/+/The young lady * sent a red rose * became * really embarrassed./,Did the lady send a red rose?,N,,1,5,rose,8,2,7,10,2,4,4,2400,1562932465462,N,2195,1
214,2,p5,practice,practice_5,,/+/The young lady * sent a red rose * became * really embarrassed./,Did the lady send a red rose?,N,,1,5,became,9,2,8,10,3,1,1,2104,1562932467566,N,2195,1
214,2,p5,practice,practice_5,,/+/The young lady * sent a red rose * became * really embarrassed./,Did the lady send a red rose?,N,,1,5,really,10,2,9,10,4,1,2,896,1562932468462,N,2195,1
214,2,p5,practice,practice_5,,/+/The young lady * sent a red rose * became * really embarrassed./,Did the lady send a red rose?,N,,1,5,embarrassed.,11,2,10,10,4,2,2,1712,1562932470174,N,2195,1
214,2,p5,practice,practice_5,,/+/The young lady * sent a red rose * became * really embarrassed./,Did the lady send a red rose?,N,,1,5,really,12,2,9,10,4,1,2,568,1562932470742,N,2195,1
214,2,p5,practice,practice_5,,/+/The young lady * sent a red rose * became * really embarrassed./,Did the lady send a red rose?,N,,1,5,became,13,2,8,10,3,1,1,528,1562932471270,N,2195,1
214,2,p5,practice,practice_5,,/+/The young lady * sent a red rose * became * really embarrassed./,Did the lady send a red rose?,N,,1,5,rose,14,2,7,10,2,4,4,256,1562932471526,N,2195,1
214,2,p5,practice,practice_5,,/+/The young lady * sent a red rose * became * really embarrassed./,Did the lady send a red rose?,N,,1,5,red,15,2,6,10,2,3,4,248,1562932471774,N,2195,1
214,2,p5,practice,practice_5,,/+/The young lady * sent a red rose * became * really embarrassed./,Did the lady send a red rose?,N,,1,5,a,16,2,5,10,2,2,4,288,1562932472062,N,2195,1
214,2,p5,practice,practice_5,,/+/The young lady * sent a red rose * became * really embarrassed./,Did the lady send a red rose?,N,,1,5,sent,17,2,4,10,2,1,4,408,1562932472470,N,2195,1
214,2,p5,practice,practice_5,,/+/The young lady * sent a red rose * became * really embarrassed./,Did the lady send a red rose?,N,,1,5,lady,18,2,3,10,1,3,3,352,1562932472822,N,2195,1
214,2,p5,practice,practice_5,,/+/The young lady * sent a red rose * became * really embarrassed./,Did the lady send a red rose?,N,,1,5,young,19,2,2,10,1,2,3,480,1562932473302,N,2195,1
214,2,p5,practice,practice_5,,/+/The young lady * sent a red rose * became * really embarrassed./,Did the lady send a red rose?,N,,1,5,The,20,2,1,10,1,1,3,792,1562932474094,N,2195,1
214,2,p5,practice,practice_5,,/+/The young lady * sent a red rose * became * really embarrassed./,Did the lady send a red rose?,N,,1,5,young,21,2,2,10,1,2,3,423,1562932474517,N,2195,1
214,2,p5,practice,practice_5,,/+/The young lady * sent a red rose * became * really embarrassed./,Did the lady send a red rose?,N,,1,5,lady,22,2,3,10,1,3,3,543,1562932475061,N,2195,1
214,2,p5,practice,practice_5,,/+/The young lady * sent a red rose * became * really embarrassed./,Did the lady send a red rose?,N,,1,5,sent,23,2,4,10,2,1,4,952,1562932476013,N,2195,1
214,2,p5,practice,practice_5,,/+/The young lady * sent a red rose * became * really embarrassed./,Did the lady send a red rose?,N,,1,5,a,24,2,5,10,2,2,4,720,1562932476733,N,2195,1
214,2,p5,practice,practice_5,,/+/The young lady * sent a red rose * became * really embarrassed./,Did the lady send a red rose?,N,,1,5,red,25,2,6,10,2,3,4,399,1562932477133,N,2195,1
214,2,p5,practice,practice_5,,/+/The young lady * sent a red rose * became * really embarrassed./,Did the lady send a red rose?,N,,1,5,rose,26,2,7,10,2,4,4,503,1562932477637,N,2195,1
214,2,p5,practice,practice_5,,/+/The young lady * sent a red rose * became * really embarrassed./,Did the lady send a red rose?,N,,1,5,became,27,2,8,10,3,1,1,439,1562932478077,N,2195,1
214,2,p5,practice,practice_5,,/+/The young lady * sent a red rose * became * really embarrassed./,Did the lady send a red rose?,N,,1,5,really,28,2,9,10,4,1,2,456,1562932478533,N,2195,1
214,2,p5,practice,practice_5,,/+/The young lady * sent a red rose * became * really embarrassed./,Did the lady send a red rose?,N,,1,5,embarrassed.,29,2,10,10,4,2,2,879,1562932479413,N,2195,1
214,2,p6,practice,practice_6,,/+/The busy workers * who were * offered a delicious pizza * felt * not so hungry./,Did someone offer the workers a pizza?,Y,,1,6,+,1,1,1,1,1,1,1,1128,1562932483237,Y,4523,1
214,2,p6,practice,practice_6,,/+/The busy workers * who were * offered a delicious pizza * felt * not so hungry./,Did someone offer the workers a pizza?,Y,,1,6,The,2,2,1,13,1,1,3,615,1562932483853,Y,4523,1
214,2,p6,practice,practice_6,,/+/The busy workers * who were * offered a delicious pizza * felt * not so hungry./,Did someone offer the workers a pizza?,Y,,1,6,busy,3,2,2,13,1,2,3,513,1562932484366,Y,4523,1
214,2,p6,practice,practice_6,,/+/The busy workers * who were * offered a delicious pizza * felt * not so hungry./,Did someone offer the workers a pizza?,Y,,1,6,workers,4,2,3,13,1,3,3,696,1562932485062,Y,4523,1
214,2,p6,practice,practice_6,,/+/The busy workers * who were * offered a delicious pizza * felt * not so hungry./,Did someone offer the workers a pizza?,Y,,1,6,who,5,2,4,13,2,1,2,1216,1562932486278,Y,4523,1
214,2,p6,practice,practice_6,,/+/The busy workers * who were * offered a delicious pizza * felt * not so hungry./,Did someone offer the workers a pizza?,Y,,1,6,were,6,2,5,13,2,2,2,744,1562932487022,Y,4523,1
214,2,p6,practice,practice_6,,/+/The busy workers * who were * offered a delicious pizza * felt * not so hungry./,Did someone offer the workers a pizza?,Y,,1,6,offered,7,2,6,13,3,1,4,1816,1562932488838,Y,4523,1
214,2,p6,practice,practice_6,,/+/The busy workers * who were * offered a delicious pizza * felt * not so hungry./,Did someone offer the workers a pizza?,Y,,1,6,a,8,2,7,13,3,2,4,407,1562932489245,Y,4523,1
214,2,p6,practice,practice_6,,/+/The busy workers * who were * offered a delicious pizza * felt * not so hungry./,Did someone offer the workers a pizza?,Y,,1,6,delicious,9,2,8,13,3,3,4,600,1562932489846,Y,4523,1
214,2,p6,practice,practice_6,,/+/The busy workers * who were * offered a delicious pizza * felt * not so hungry./,Did someone offer the workers a pizza?,Y,,1,6,pizza,10,2,9,13,3,4,4,736,1562932490582,Y,4523,1
214,2,p6,practice,practice_6,,/+/The busy workers * who were * offered a delicious pizza * felt * not so hungry./,Did someone offer the workers a pizza?,Y,,1,6,felt,11,2,10,13,4,1,1,4312,1562932494894,Y,4523,1
214,2,p6,practice,practice_6,,/+/The busy workers * who were * offered a delicious pizza * felt * not so hungry./,Did someone offer the workers a pizza?,Y,,1,6,not,12,2,11,13,5,1,3,423,1562932495317,Y,4523,1
214,2,p6,practice,practice_6,,/+/The busy workers * who were * offered a delicious pizza * felt * not so hungry./,Did someone offer the workers a pizza?,Y,,1,6,so,13,2,12,13,5,2,3,449,1562932495766,Y,4523,1
214,2,p6,practice,practice_6,,/+/The busy workers * who were * offered a delicious pizza * felt * not so hungry./,Did someone offer the workers a pizza?,Y,,1,6,hungry.,14,2,13,13,5,3,3,2432,1562932498198,Y,4523,1
214,2,1,filler,filler_6,,/+/The girl sang very well through learning experiences from her tutor./,Did the girl's tutor do a lot of help? ,Y,练习结束，现在开始正式实验。,0,7,+,1,1,1,1,1,1,1,1167,1562932538821,Y,6340,1
214,2,1,filler,filler_6,,/+/The girl sang very well through learning experiences from her tutor./,Did the girl's tutor do a lot of help? ,Y,练习结束，现在开始正式实验。,0,7,The,2,2,1,11,1,1,11,376,1562932539197,Y,6340,1
214,2,1,filler,filler_6,,/+/The girl sang very well through learning experiences from her tutor./,Did the girl's tutor do a lot of help? ,Y,练习结束，现在开始正式实验。,0,7,girl,3,2,2,11,1,2,11,440,1562932539637,Y,6340,1
214,2,1,filler,filler_6,,/+/The girl sang very well through learning experiences from her tutor./,Did the girl's tutor do a lot of help? ,Y,练习结束，现在开始正式实验。,0,7,sang,4,2,3,11,1,3,11,384,1562932540021,Y,6340,1
214,2,1,filler,filler_6,,/+/The girl sang very well through learning experiences from her tutor./,Did the girl's tutor do a lot of help? ,Y,练习结束，现在开始正式实验。,0,7,very,5,2,4,11,1,4,11,400,1562932540421,Y,6340,1
214,2,1,filler,filler_6,,/+/The girl sang very well through learning experiences from her tutor./,Did the girl's tutor do a lot of help? ,Y,练习结束，现在开始正式实验。,0,7,well,6,2,5,11,1,5,11,920,1562932541341,Y,6340,1
214,2,1,filler,filler_6,,/+/The girl sang very well through learning experiences from her tutor./,Did the girl's tutor do a lot of help? ,Y,练习结束，现在开始正式实验。,0,7,through,7,2,6,11,1,6,11,760,1562932542101,Y,6340,1
214,2,1,filler,filler_6,,/+/The girl sang very well through learning experiences from her tutor./,Did the girl's tutor do a lot of help? ,Y,练习结束，现在开始正式实验。,0,7,learning,8,2,7,11,1,7,11,728,1562932542829,Y,6340,1
214,2,1,filler,filler_6,,/+/The girl sang very well through learning experiences from her tutor./,Did the girl's tutor do a lot of help? ,Y,练习结束，现在开始正式实验。,0,7,experiences,9,2,8,11,1,8,11,2074,1562932544903,Y,6340,1
214,2,1,filler,filler_6,,/+/The girl sang very well through learning experiences from her tutor./,Did the girl's tutor do a lot of help? ,Y,练习结束，现在开始正式实验。,0,7,from,10,2,9,11,1,9,11,952,1562932545855,Y,6340,1
214,2,1,filler,filler_6,,/+/The girl sang very well through learning experiences from her tutor./,Did the girl's tutor do a lot of help? ,Y,练习结束，现在开始正式实验。,0,7,her,11,2,10,11,1,10,11,648,1562932546503,Y,6340,1
214,2,1,filler,filler_6,,/+/The girl sang very well through learning experiences from her tutor./,Did the girl's tutor do a lot of help? ,Y,练习结束，现在开始正式实验。,0,7,tutor.,12,2,11,11,1,11,11,2527,1562932549030,Y,6340,1
214,2,2,filler,filler_7,,/+/Some important papers which lay in the office were stolen last night./,Were the papers still safe?,N,,0,8,+,1,1,1,1,1,1,1,671,1562932556543,N,2147,1
214,2,2,filler,filler_7,,/+/Some important papers which lay in the office were stolen last night./,Were the papers still safe?,N,,0,8,Some,2,2,1,12,1,1,12,520,1562932557063,N,2147,1
214,2,2,filler,filler_7,,/+/Some important papers which lay in the office were stolen last night./,Were the papers still safe?,N,,0,8,important,3,2,2,12,1,2,12,608,1562932557671,N,2147,1
214,2,2,filler,filler_7,,/+/Some important papers which lay in the office were stolen last night./,Were the papers still safe?,N,,0,8,papers,4,2,3,12,1,3,12,1527,1562932559198,N,2147,1
214,2,2,filler,filler_7,,/+/Some important papers which lay in the office were stolen last night./,Were the papers still safe?,N,,0,8,which,5,2,4,12,1,4,12,1705,1562932560903,N,2147,1
214,2,2,filler,filler_7,,/+/Some important papers which lay in the office were stolen last night./,Were the papers still safe?,N,,0,8,lay,6,2,5,12,1,5,12,1872,1562932562775,N,2147,1
214,2,2,filler,filler_7,,/+/Some important papers which lay in the office were stolen last night./,Were the papers still safe?,N,,0,8,in,7,2,6,12,1,6,12,503,1562932563278,N,2147,1
214,2,2,filler,filler_7,,/+/Some important papers which lay in the office were stolen last night./,Were the papers still safe?,N,,0,8,the,8,2,7,12,1,7,12,440,1562932563718,N,2147,1
214,2,2,filler,filler_7,,/+/Some important papers which lay in the office were stolen last night./,Were the papers still safe?,N,,0,8,office,9,2,8,12,1,8,12,583,1562932564302,N,2147,1
214,2,2,filler,filler_7,,/+/Some important papers which lay in the office were stolen last night./,Were the papers still safe?,N,,0,8,were,10,2,9,12,1,9,12,1232,1562932565534,N,2147,1
214,2,2,filler,filler_7,,/+/Some important papers which lay in the office were stolen last night./,Were the papers still safe?,N,,0,8,stolen,11,2,10,12,1,10,12,855,1562932566390,N,2147,1
214,2,2,filler,filler_7,,/+/Some important papers which lay in the office were stolen last night./,Were the papers still safe?,N,,0,8,last,12,2,11,12,1,11,12,775,1562932567166,N,2147,1
214,2,2,filler,filler_7,,/+/Some important papers which lay in the office were stolen last night./,Were the papers still safe?,N,,0,8,night.,13,2,12,12,1,12,12,1679,1562932568846,N,2147,1
214,2,3,target,target_1,C,/+/The cotton farmers * who were * warned about the bad floods * had * no other crops./,Did the farmers warn about the floods?,N,,0,9,+,1,1,1,1,1,1,1,606,1562932572102,N,5770,1
214,2,3,target,target_1,C,/+/The cotton farmers * who were * warned about the bad floods * had * no other crops./,Did the farmers warn about the floods?,N,,0,9,The,2,2,1,14,1,1,3,376,1562932572478,N,5770,1
214,2,3,target,target_1,C,/+/The cotton farmers * who were * warned about the bad floods * had * no other crops./,Did the farmers warn about the floods?,N,,0,9,cotton,3,2,2,14,1,2,3,1280,1562932573758,N,5770,1
214,2,3,target,target_1,C,/+/The cotton farmers * who were * warned about the bad floods * had * no other crops./,Did the farmers warn about the floods?,N,,0,9,farmers,4,2,3,14,1,3,3,880,1562932574638,N,5770,1
214,2,3,target,target_1,C,/+/The cotton farmers * who were * warned about the bad floods * had * no other crops./,Did the farmers warn about the floods?,N,,0,9,who,5,2,4,14,2,1,2,792,1562932575430,N,5770,1
214,2,3,target,target_1,C,/+/The cotton farmers * who were * warned about the bad floods * had * no other crops./,Did the farmers warn about the floods?,N,,0,9,were,6,2,5,14,2,2,2,688,1562932576118,N,5770,1
214,2,3,target,target_1,C,/+/The cotton farmers * who were * warned about the bad floods * had * no other crops./,Did the farmers warn about the floods?,N,,0,9,warned,7,2,6,14,3,1,5,1000,1562932577118,N,5770,1
214,2,3,target,target_1,C,/+/The cotton farmers * who were * warned about the bad floods * had * no other crops./,Did the farmers warn about the floods?,N,,0,9,about,8,2,7,14,3,2,5,1456,1562932578574,N,5770,1
214,2,3,target,target_1,C,/+/The cotton farmers * who were * warned about the bad floods * had * no other crops./,Did the farmers warn about the floods?,N,,0,9,the,9,2,8,14,3,3,5,472,1562932579046,N,5770,1
214,2,3,target,target_1,C,/+/The cotton farmers * who were * warned about the bad floods * had * no other crops./,Did the farmers warn about the floods?,N,,0,9,bad,10,2,9,14,3,4,5,624,1562932579670,N,5770,1
214,2,3,target,target_1,C,/+/The cotton farmers * who were * warned about the bad floods * had * no other crops./,Did the farmers warn about the floods?,N,,0,9,floods,11,2,10,14,3,5,5,3424,1562932583094,N,5770,1
214,2,3,target,target_1,C,/+/The cotton farmers * who were * warned about the bad floods * had * no other crops./,Did the farmers warn about the floods?,N,,0,9,had,12,2,11,14,4,1,1,664,1562932583758,N,5770,1
214,2,3,target,target_1,C,/+/The cotton farmers * who were * warned about the bad floods * had * no other crops./,Did the farmers warn about the floods?,N,,0,9,no,13,2,12,14,5,1,3,432,1562932584190,N,5770,1
214,2,3,target,target_1,C,/+/The cotton farmers * who were * warned about the bad floods * had * no other crops./,Did the farmers warn about the floods?,N,,0,9,other,14,2,13,14,5,2,3,496,1562932584686,N,5770,1
214,2,3,target,target_1,C,/+/The cotton farmers * who were * warned about the bad floods * had * no other crops./,Did the farmers warn about the floods?,N,,0,9,crops.,15,2,14,14,5,3,3,2568,1562932587254,N,5770,1
214,2,3,target,target_1,C,/+/The cotton farmers * who were * warned about the bad floods * had * no other crops./,Did the farmers warn about the floods?,N,,0,9,other,16,2,13,14,5,2,3,287,1562932587541,N,5770,1
214,2,3,target,target_1,C,/+/The cotton farmers * who were * warned about the bad floods * had * no other crops./,Did the farmers warn about the floods?,N,,0,9,no,17,2,12,14,5,1,3,273,1562932587814,N,5770,1
214,2,3,target,target_1,C,/+/The cotton farmers * who were * warned about the bad floods * had * no other crops./,Did the farmers warn about the floods?,N,,0,9,had,18,2,11,14,4,1,1,272,1562932588086,N,5770,1
214,2,3,target,target_1,C,/+/The cotton farmers * who were * warned about the bad floods * had * no other crops./,Did the farmers warn about the floods?,N,,0,9,floods,19,2,10,14,3,5,5,296,1562932588382,N,5770,1
214,2,3,target,target_1,C,/+/The cotton farmers * who were * warned about the bad floods * had * no other crops./,Did the farmers warn about the floods?,N,,0,9,bad,20,2,9,14,3,4,5,432,1562932588814,N,5770,1
214,2,3,target,target_1,C,/+/The cotton farmers * who were * warned about the bad floods * had * no other crops./,Did the farmers warn about the floods?,N,,0,9,floods,21,2,10,14,3,5,5,328,1562932589142,N,5770,1
214,2,3,target,target_1,C,/+/The cotton farmers * who were * warned about the bad floods * had * no other crops./,Did the farmers warn about the floods?,N,,0,9,had,22,2,11,14,4,1,1,487,1562932589629,N,5770,1
214,2,3,target,target_1,C,/+/The cotton farmers * who were * warned about the bad floods * had * no other crops./,Did the farmers warn about the floods?,N,,0,9,no,23,2,12,14,5,1,3,289,1562932589918,N,5770,1
214,2,3,target,target_1,C,/+/The cotton farmers * who were * warned about the bad floods * had * no other crops./,Did the farmers warn about the floods?,N,,0,9,other,24,2,13,14,5,2,3,271,1562932590189,N,5770,1
214,2,3,target,target_1,C,/+/The cotton farmers * who were * warned about the bad floods * had * no other crops./,Did the farmers warn about the floods?,N,,0,9,crops.,25,2,14,14,5,3,3,289,1562932590478,N,5770,1
214,2,4,filler,filler_10,,/+/There was a big hole in the road which blocked the traffic./,Was there a big hole in the road?,Y,,0,10,+,1,1,1,1,1,1,1,1648,1562932598398,Y,2277,1
214,2,4,filler,filler_10,,/+/There was a big hole in the road which blocked the traffic./,Was there a big hole in the road?,Y,,0,10,There,2,2,1,12,1,1,12,1759,1562932600157,Y,2277,1
214,2,4,filler,filler_10,,/+/There was a big hole in the road which blocked the traffic./,Was there a big hole in the road?,Y,,0,10,was,3,2,2,12,1,2,12,1553,1562932601710,Y,2277,1
214,2,4,filler,filler_10,,/+/There was a big hole in the road which blocked the traffic./,Was there a big hole in the road?,Y,,0,10,There,4,2,1,12,1,1,12,488,1562932602198,Y,2277,1
214,2,4,filler,filler_10,,/+/There was a big hole in the road which blocked the traffic./,Was there a big hole in the road?,Y,,0,10,was,5,2,2,12,1,2,12,448,1562932602646,Y,2277,1
214,2,4,filler,filler_10,,/+/There was a big hole in the road which blocked the traffic./,Was there a big hole in the road?,Y,,0,10,a,6,2,3,12,1,3,12,672,1562932603318,Y,2277,1
214,2,4,filler,filler_10,,/+/There was a big hole in the road which blocked the traffic./,Was there a big hole in the road?,Y,,0,10,big,7,2,4,12,1,4,12,952,1562932604270,Y,2277,1
214,2,4,filler,filler_10,,/+/There was a big hole in the road which blocked the traffic./,Was there a big hole in the road?,Y,,0,10,hole,8,2,5,12,1,5,12,872,1562932605142,Y,2277,1
214,2,4,filler,filler_10,,/+/There was a big hole in the road which blocked the traffic./,Was there a big hole in the road?,Y,,0,10,in,9,2,6,12,1,6,12,1647,1562932606789,Y,2277,1
214,2,4,filler,filler_10,,/+/There was a big hole in the road which blocked the traffic./,Was there a big hole in the road?,Y,,0,10,the,10,2,7,12,1,7,12,377,1562932607166,Y,2277,1
214,2,4,filler,filler_10,,/+/There was a big hole in the road which blocked the traffic./,Was there a big hole in the road?,Y,,0,10,road,11,2,8,12,1,8,12,632,1562932607798,Y,2277,1
214,2,4,filler,filler_10,,/+/There was a big hole in the road which blocked the traffic./,Was there a big hole in the road?,Y,,0,10,which,12,2,9,12,1,9,12,1696,1562932609494,Y,2277,1
214,2,4,filler,filler_10,,/+/There was a big hole in the road which blocked the traffic./,Was there a big hole in the road?,Y,,0,10,blocked,13,2,10,12,1,10,12,1208,1562932610702,Y,2277,1
214,2,4,filler,filler_10,,/+/There was a big hole in the road which blocked the traffic./,Was there a big hole in the road?,Y,,0,10,the,14,2,11,12,1,11,12,1144,1562932611846,Y,2277,1
214,2,4,filler,filler_10,,/+/There was a big hole in the road which blocked the traffic./,Was there a big hole in the road?,Y,,0,10,traffic.,15,2,12,12,1,12,12,5488,1562932617334,Y,2277,1
214,2,4,filler,filler_10,,/+/There was a big hole in the road which blocked the traffic./,Was there a big hole in the road?,Y,,0,10,the,16,2,11,12,1,11,12,500,1562932617834,Y,2277,1
214,2,4,filler,filler_10,,/+/There was a big hole in the road which blocked the traffic./,Was there a big hole in the road?,Y,,0,10,blocked,17,2,10,12,1,10,12,33,1562932617867,Y,2277,1
214,2,4,filler,filler_10,,/+/There was a big hole in the road which blocked the traffic./,Was there a big hole in the road?,Y,,0,10,which,18,2,9,12,1,9,12,33,1562932617900,Y,2277,1
214,2,4,filler,filler_10,,/+/There was a big hole in the road which blocked the traffic./,Was there a big hole in the road?,Y,,0,10,road,19,2,8,12,1,8,12,32,1562932617932,Y,2277,1
214,2,4,filler,filler_10,,/+/There was a big hole in the road which blocked the traffic./,Was there a big hole in the road?,Y,,0,10,the,20,2,7,12,1,7,12,33,1562932617965,Y,2277,1
214,2,4,filler,filler_10,,/+/There was a big hole in the road which blocked the traffic./,Was there a big hole in the road?,Y,,0,10,in,21,2,6,12,1,6,12,33,1562932617998,Y,2277,1
214,2,4,filler,filler_10,,/+/There was a big hole in the road which blocked the traffic./,Was there a big hole in the road?,Y,,0,10,hole,22,2,5,12,1,5,12,33,1562932618031,Y,2277,1
214,2,4,filler,filler_10,,/+/There was a big hole in the road which blocked the traffic./,Was there a big hole in the road?,Y,,0,10,big,23,2,4,12,1,4,12,33,1562932618064,Y,2277,1
214,2,4,filler,filler_10,,/+/There was a big hole in the road which blocked the traffic./,Was there a big hole in the road?,Y,,0,10,a,24,2,3,12,1,3,12,33,1562932618097,Y,2277,1
214,2,4,filler,filler_10,,/+/There was a big hole in the road which blocked the traffic./,Was there a big hole in the road?,Y,,0,10,was,25,2,2,12,1,2,12,34,1562932618131,Y,2277,1
214,2,4,filler,filler_10,,/+/There was a big hole in the road which blocked the traffic./,Was there a big hole in the road?,Y,,0,10,There,26,2,1,12,1,1,12,563,1562932618694,Y,2277,1
214,2,4,filler,filler_10,,/+/There was a big hole in the road which blocked the traffic./,Was there a big hole in the road?,Y,,0,10,was,27,2,2,12,1,2,12,744,1562932619438,Y,2277,1
214,2,4,filler,filler_10,,/+/There was a big hole in the road which blocked the traffic./,Was there a big hole in the road?,Y,,0,10,a,28,2,3,12,1,3,12,392,1562932619830,Y,2277,1
214,2,4,filler,filler_10,,/+/There was a big hole in the road which blocked the traffic./,Was there a big hole in the road?,Y,,0,10,big,29,2,4,12,1,4,12,472,1562932620302,Y,2277,1
214,2,4,filler,filler_10,,/+/There was a big hole in the road which blocked the traffic./,Was there a big hole in the road?,Y,,0,10,hole,30,2,5,12,1,5,12,632,1562932620934,Y,2277,1
214,2,4,filler,filler_10,,/+/There was a big hole in the road which blocked the traffic./,Was there a big hole in the road?,Y,,0,10,in,31,2,6,12,1,6,12,704,1562932621638,Y,2277,1
214,2,4,filler,filler_10,,/+/There was a big hole in the road which blocked the traffic./,Was there a big hole in the road?,Y,,0,10,the,32,2,7,12,1,7,12,367,1562932622005,Y,2277,1
214,2,4,filler,filler_10,,/+/There was a big hole in the road which blocked the traffic./,Was there a big hole in the road?,Y,,0,10,road,33,2,8,12,1,8,12,385,1562932622390,Y,2277,1
214,2,4,filler,filler_10,,/+/There was a big hole in the road which blocked the traffic./,Was there a big hole in the road?,Y,,0,10,which,34,2,9,12,1,9,12,1568,1562932623958,Y,2277,1
214,2,4,filler,filler_10,,/+/There was a big hole in the road which blocked the traffic./,Was there a big hole in the road?,Y,,0,10,blocked,35,2,10,12,1,10,12,376,1562932624334,Y,2277,1
214,2,4,filler,filler_10,,/+/There was a big hole in the road which blocked the traffic./,Was there a big hole in the road?,Y,,0,10,the,36,2,11,12,1,11,12,536,1562932624870,Y,2277,1
214,2,4,filler,filler_10,,/+/There was a big hole in the road which blocked the traffic./,Was there a big hole in the road?,Y,,0,10,traffic.,37,2,12,12,1,12,12,3279,1562932628149,Y,2277,1
214,2,5,target,target_2,G,/+/The sunburned boys * served the hot dogs * got * a stomach ache./,Did the boys serve the hot dogs?,N,,0,11,+,1,1,1,1,1,1,1,503,1562932631430,N,1635,1
214,2,5,target,target_2,G,/+/The sunburned boys * served the hot dogs * got * a stomach ache./,Did the boys serve the hot dogs?,N,,0,11,The,2,2,1,11,1,1,3,5343,1562932636773,N,1635,1
214,2,5,target,target_2,G,/+/The sunburned boys * served the hot dogs * got * a stomach ache./,Did the boys serve the hot dogs?,N,,0,11,sunburned,3,2,2,11,1,2,3,10127,1562932646901,N,1635,1
214,2,5,target,target_2,G,/+/The sunburned boys * served the hot dogs * got * a stomach ache./,Did the boys serve the hot dogs?,N,,0,11,The,4,2,1,11,1,1,3,647,1562932647549,N,1635,1
214,2,5,target,target_2,G,/+/The sunburned boys * served the hot dogs * got * a stomach ache./,Did the boys serve the hot dogs?,N,,0,11,sunburned,5,2,2,11,1,2,3,3792,1562932651341,N,1635,1
214,2,5,target,target_2,G,/+/The sunburned boys * served the hot dogs * got * a stomach ache./,Did the boys serve the hot dogs?,N,,0,11,boys,6,2,3,11,1,3,3,2592,1562932653933,N,1635,1
214,2,5,target,target_2,G,/+/The sunburned boys * served the hot dogs * got * a stomach ache./,Did the boys serve the hot dogs?,N,,0,11,served,7,2,4,11,2,1,4,623,1562932654556,N,1635,1
214,2,5,target,target_2,G,/+/The sunburned boys * served the hot dogs * got * a stomach ache./,Did the boys serve the hot dogs?,N,,0,11,the,8,2,5,11,2,2,4,641,1562932655197,N,1635,1
214,2,5,target,target_2,G,/+/The sunburned boys * served the hot dogs * got * a stomach ache./,Did the boys serve the hot dogs?,N,,0,11,hot,9,2,6,11,2,3,4,608,1562932655805,N,1635,1
214,2,5,target,target_2,G,/+/The sunburned boys * served the hot dogs * got * a stomach ache./,Did the boys serve the hot dogs?,N,,0,11,dogs,10,2,7,11,2,4,4,2432,1562932658237,N,1635,1
214,2,5,target,target_2,G,/+/The sunburned boys * served the hot dogs * got * a stomach ache./,Did the boys serve the hot dogs?,N,,0,11,got,11,2,8,11,3,1,1,496,1562932658733,N,1635,1
214,2,5,target,target_2,G,/+/The sunburned boys * served the hot dogs * got * a stomach ache./,Did the boys serve the hot dogs?,N,,0,11,a,12,2,9,11,4,1,3,456,1562932659189,N,1635,1
214,2,5,target,target_2,G,/+/The sunburned boys * served the hot dogs * got * a stomach ache./,Did the boys serve the hot dogs?,N,,0,11,stomach,13,2,10,11,4,2,3,640,1562932659829,N,1635,1
214,2,5,target,target_2,G,/+/The sunburned boys * served the hot dogs * got * a stomach ache./,Did the boys serve the hot dogs?,N,,0,11,ache.,14,2,11,11,4,3,3,656,1562932660485,N,1635,1
214,2,6,filler,filler_17,,/+/The students who failed the exam were asked to take it again./,Should all students take the exam again?,N,,0,12,+,1,1,1,1,1,1,1,752,1562932663373,N,2498,1
214,2,6,filler,filler_17,,/+/The students who failed the exam were asked to take it again./,Should all students take the exam again?,N,,0,12,The,2,2,1,12,1,1,12,2506,1562932665879,N,2498,1
214,2,6,filler,filler_17,,/+/The students who failed the exam were asked to take it again./,Should all students take the exam again?,N,,0,12,students,3,2,2,12,1,2,12,1152,1562932667031,N,2498,1
214,2,6,filler,filler_17,,/+/The students who failed the exam were asked to take it again./,Should all students take the exam again?,N,,0,12,who,4,2,3,12,1,3,12,1064,1562932668095,N,2498,1
214,2,6,filler,filler_17,,/+/The students who failed the exam were asked to take it again./,Should all students take the exam again?,N,,0,12,failed,5,2,4,12,1,4,12,671,1562932668766,N,2498,1
214,2,6,filler,filler_17,,/+/The students who failed the exam were asked to take it again./,Should all students take the exam again?,N,,0,12,the,6,2,5,12,1,5,12,568,1562932669334,N,2498,1
214,2,6,filler,filler_17,,/+/The students who failed the exam were asked to take it again./,Should all students take the exam again?,N,,0,12,exam,7,2,6,12,1,6,12,1343,1562932670678,N,2498,1
214,2,6,filler,filler_17,,/+/The students who failed the exam were asked to take it again./,Should all students take the exam again?,N,,0,12,were,8,2,7,12,1,7,12,735,1562932671414,N,2498,1
214,2,6,filler,filler_17,,/+/The students who failed the exam were asked to take it again./,Should all students take the exam again?,N,,0,12,asked,9,2,8,12,1,8,12,551,1562932671966,N,2498,1
214,2,6,filler,filler_17,,/+/The students who failed the exam were asked to take it again./,Should all students take the exam again?,N,,0,12,to,10,2,9,12,1,9,12,503,1562932672470,N,2498,1
214,2,6,filler,filler_17,,/+/The students who failed the exam were asked to take it again./,Should all students take the exam again?,N,,0,12,take,11,2,10,12,1,10,12,623,1562932673094,N,2498,1
214,2,6,filler,filler_17,,/+/The students who failed the exam were asked to take it again./,Should all students take the exam again?,N,,0,12,it,12,2,11,12,1,11,12,503,1562932673598,N,2498,1
214,2,6,filler,filler_17,,/+/The students who failed the exam were asked to take it again./,Should all students take the exam again?,N,,0,12,again.,13,2,12,12,1,12,12,1343,1562932674942,N,2498,1
214,2,7,filler,filler_25,,/+/The suitcase which Mike bought has been broken down by his son./,Has the suitcase been broken by Mike?,N,,0,13,+,1,1,1,1,1,1,1,536,1562932678478,N,2027,1
214,2,7,filler,filler_25,,/+/The suitcase which Mike bought has been broken down by his son./,Has the suitcase been broken by Mike?,N,,0,13,The,2,2,1,12,1,1,12,456,1562932678934,N,2027,1
214,2,7,filler,filler_25,,/+/The suitcase which Mike bought has been broken down by his son./,Has the suitcase been broken by Mike?,N,,0,13,suitcase,3,2,2,12,1,2,12,2328,1562932681262,N,2027,1
214,2,7,filler,filler_25,,/+/The suitcase which Mike bought has been broken down by his son./,Has the suitcase been broken by Mike?,N,,0,13,which,4,2,3,12,1,3,12,856,1562932682118,N,2027,1
214,2,7,filler,filler_25,,/+/The suitcase which Mike bought has been broken down by his son./,Has the suitcase been broken by Mike?,N,,0,13,Mike,5,2,4,12,1,4,12,1168,1562932683286,N,2027,1
214,2,7,filler,filler_25,,/+/The suitcase which Mike bought has been broken down by his son./,Has the suitcase been broken by Mike?,N,,0,13,bought,6,2,5,12,1,5,12,872,1562932684158,N,2027,1
214,2,7,filler,filler_25,,/+/The suitcase which Mike bought has been broken down by his son./,Has the suitcase been broken by Mike?,N,,0,13,has,7,2,6,12,1,6,12,544,1562932684702,N,2027,1
214,2,7,filler,filler_25,,/+/The suitcase which Mike bought has been broken down by his son./,Has the suitcase been broken by Mike?,N,,0,13,been,8,2,7,12,1,7,12,736,1562932685438,N,2027,1
214,2,7,filler,filler_25,,/+/The suitcase which Mike bought has been broken down by his son./,Has the suitcase been broken by Mike?,N,,0,13,broken,9,2,8,12,1,8,12,1472,1562932686910,N,2027,1
214,2,7,filler,filler_25,,/+/The suitcase which Mike bought has been broken down by his son./,Has the suitcase been broken by Mike?,N,,0,13,down,10,2,9,12,1,9,12,696,1562932687606,N,2027,1
214,2,7,filler,filler_25,,/+/The suitcase which Mike bought has been broken down by his son./,Has the suitcase been broken by Mike?,N,,0,13,by,11,2,10,12,1,10,12,608,1562932688214,N,2027,1
214,2,7,filler,filler_25,,/+/The suitcase which Mike bought has been broken down by his son./,Has the suitcase been broken by Mike?,N,,0,13,his,12,2,11,12,1,11,12,600,1562932688814,N,2027,1
214,2,7,filler,filler_25,,/+/The suitcase which Mike bought has been broken down by his son./,Has the suitcase been broken by Mike?,N,,0,13,son.,13,2,12,12,1,12,12,1832,1562932690646,N,2027,1
214,2,8,filler,filler_24,,/+/The roommate has married the man who comes from the west of China./,Has the roommate married?,Y,,0,14,+,1,1,1,1,1,1,1,623,1562932693798,Y,2075,1
214,2,8,filler,filler_24,,/+/The roommate has married the man who comes from the west of China./,Has the roommate married?,Y,,0,14,The,2,2,1,13,1,1,13,1040,1562932694838,Y,2075,1
214,2,8,filler,filler_24,,/+/The roommate has married the man who comes from the west of China./,Has the roommate married?,Y,,0,14,roommate,3,2,2,13,1,2,13,968,1562932695806,Y,2075,1
214,2,8,filler,filler_24,,/+/The roommate has married the man who comes from the west of China./,Has the roommate married?,Y,,0,14,has,4,2,3,13,1,3,13,864,1562932696670,Y,2075,1
214,2,8,filler,filler_24,,/+/The roommate has married the man who comes from the west of China./,Has the roommate married?,Y,,0,14,married,5,2,4,13,1,4,13,2280,1562932698950,Y,2075,1
214,2,8,filler,filler_24,,/+/The roommate has married the man who comes from the west of China./,Has the roommate married?,Y,,0,14,has,6,2,3,13,1,3,13,344,1562932699294,Y,2075,1
214,2,8,filler,filler_24,,/+/The roommate has married the man who comes from the west of China./,Has the roommate married?,Y,,0,14,roommate,7,2,2,13,1,2,13,432,1562932699726,Y,2075,1
214,2,8,filler,filler_24,,/+/The roommate has married the man who comes from the west of China./,Has the roommate married?,Y,,0,14,has,8,2,3,13,1,3,13,304,1562932700030,Y,2075,1
214,2,8,filler,filler_24,,/+/The roommate has married the man who comes from the west of China./,Has the roommate married?,Y,,0,14,married,9,2,4,13,1,4,13,744,1562932700774,Y,2075,1
214,2,8,filler,filler_24,,/+/The roommate has married the man who comes from the west of China./,Has the roommate married?,Y,,0,14,the,10,2,5,13,1,5,13,704,1562932701478,Y,2075,1
214,2,8,filler,filler_24,,/+/The roommate has married the man who comes from the west of China./,Has the roommate married?,Y,,0,14,man,11,2,6,13,1,6,13,1088,1562932702566,Y,2075,1
214,2,8,filler,filler_24,,/+/The roommate has married the man who comes from the west of China./,Has the roommate married?,Y,,0,14,who,12,2,7,13,1,7,13,1304,1562932703870,Y,2075,1
214,2,8,filler,filler_24,,/+/The roommate has married the man who comes from the west of China./,Has the roommate married?,Y,,0,14,comes,13,2,8,13,1,8,13,1168,1562932705038,Y,2075,1
214,2,8,filler,filler_24,,/+/The roommate has married the man who comes from the west of China./,Has the roommate married?,Y,,0,14,from,14,2,9,13,1,9,13,792,1562932705830,Y,2075,1
214,2,8,filler,filler_24,,/+/The roommate has married the man who comes from the west of China./,Has the roommate married?,Y,,0,14,the,15,2,10,13,1,10,13,520,1562932706350,Y,2075,1
214,2,8,filler,filler_24,,/+/The roommate has married the man who comes from the west of China./,Has the roommate married?,Y,,0,14,west,16,2,11,13,1,11,13,536,1562932706886,Y,2075,1
214,2,8,filler,filler_24,,/+/The roommate has married the man who comes from the west of China./,Has the roommate married?,Y,,0,14,of,17,2,12,13,1,12,13,568,1562932707454,Y,2075,1
214,2,8,filler,filler_24,,/+/The roommate has married the man who comes from the west of China./,Has the roommate married?,Y,,0,14,China.,18,2,13,13,1,13,13,1736,1562932709190,Y,2075,1
214,2,9,target,target_15,C,/+/The confused student * who was * asked about a question * lowered * his head silently./,Did the student ask about a question?,N,,0,15,+,1,1,1,1,1,1,1,534,1562932712301,Y,1635,0
214,2,9,target,target_15,C,/+/The confused student * who was * asked about a question * lowered * his head silently./,Did the student ask about a question?,N,,0,15,The,2,2,1,13,1,1,3,1016,1562932713317,Y,1635,0
214,2,9,target,target_15,C,/+/The confused student * who was * asked about a question * lowered * his head silently./,Did the student ask about a question?,N,,0,15,confused,3,2,2,13,1,2,3,889,1562932714206,Y,1635,0
214,2,9,target,target_15,C,/+/The confused student * who was * asked about a question * lowered * his head silently./,Did the student ask about a question?,N,,0,15,student,4,2,3,13,1,3,3,768,1562932714974,Y,1635,0
214,2,9,target,target_15,C,/+/The confused student * who was * asked about a question * lowered * his head silently./,Did the student ask about a question?,N,,0,15,who,5,2,4,13,2,1,2,743,1562932715717,Y,1635,0
214,2,9,target,target_15,C,/+/The confused student * who was * asked about a question * lowered * his head silently./,Did the student ask about a question?,N,,0,15,was,6,2,5,13,2,2,2,1031,1562932716749,Y,1635,0
214,2,9,target,target_15,C,/+/The confused student * who was * asked about a question * lowered * his head silently./,Did the student ask about a question?,N,,0,15,asked,7,2,6,13,3,1,4,1071,1562932717821,Y,1635,0
214,2,9,target,target_15,C,/+/The confused student * who was * asked about a question * lowered * his head silently./,Did the student ask about a question?,N,,0,15,about,8,2,7,13,3,2,4,1359,1562932719181,Y,1635,0
214,2,9,target,target_15,C,/+/The confused student * who was * asked about a question * lowered * his head silently./,Did the student ask about a question?,N,,0,15,a,9,2,8,13,3,3,4,559,1562932719741,Y,1635,0
214,2,9,target,target_15,C,/+/The confused student * who was * asked about a question * lowered * his head silently./,Did the student ask about a question?,N,,0,15,question,10,2,9,13,3,4,4,3031,1562932722773,Y,1635,0
214,2,9,target,target_15,C,/+/The confused student * who was * asked about a question * lowered * his head silently./,Did the student ask about a question?,N,,0,15,lowered,11,2,10,13,4,1,1,1143,1562932723917,Y,1635,0
214,2,9,target,target_15,C,/+/The confused student * who was * asked about a question * lowered * his head silently./,Did the student ask about a question?,N,,0,15,his,12,2,11,13,5,1,3,440,1562932724357,Y,1635,0
214,2,9,target,target_15,C,/+/The confused student * who was * asked about a question * lowered * his head silently./,Did the student ask about a question?,N,,0,15,head,13,2,12,13,5,2,3,575,1562932724933,Y,1635,0
214,2,9,target,target_15,C,/+/The confused student * who was * asked about a question * lowered * his head silently./,Did the student ask about a question?,N,,0,15,silently.,14,2,13,13,5,3,3,978,1562932725911,Y,1635,0
214,2,10,filler,filler_22,,/+/The girl's life was saved because the doctor acted so well./,Did the girl die?,N,,0,16,+,1,1,1,1,1,1,1,727,1562932728775,N,1107,1
214,2,10,filler,filler_22,,/+/The girl's life was saved because the doctor acted so well./,Did the girl die?,N,,0,16,The,2,2,1,11,1,1,11,1936,1562932730711,N,1107,1
214,2,10,filler,filler_22,,/+/The girl's life was saved because the doctor acted so well./,Did the girl die?,N,,0,16,girl's,3,2,2,11,1,2,11,919,1562932731630,N,1107,1
214,2,10,filler,filler_22,,/+/The girl's life was saved because the doctor acted so well./,Did the girl die?,N,,0,16,life,4,2,3,11,1,3,11,1096,1562932732727,N,1107,1
214,2,10,filler,filler_22,,/+/The girl's life was saved because the doctor acted so well./,Did the girl die?,N,,0,16,was,5,2,4,11,1,4,11,672,1562932733399,N,1107,1
214,2,10,filler,filler_22,,/+/The girl's life was saved because the doctor acted so well./,Did the girl die?,N,,0,16,saved,6,2,5,11,1,5,11,760,1562932734159,N,1107,1
214,2,10,filler,filler_22,,/+/The girl's life was saved because the doctor acted so well./,Did the girl die?,N,,0,16,because,7,2,6,11,1,6,11,976,1562932735135,N,1107,1
214,2,10,filler,filler_22,,/+/The girl's life was saved because the doctor acted so well./,Did the girl die?,N,,0,16,the,8,2,7,11,1,7,11,736,1562932735871,N,1107,1
214,2,10,filler,filler_22,,/+/The girl's life was saved because the doctor acted so well./,Did the girl die?,N,,0,16,doctor,9,2,8,11,1,8,11,536,1562932736407,N,1107,1
214,2,10,filler,filler_22,,/+/The girl's life was saved because the doctor acted so well./,Did the girl die?,N,,0,16,acted,10,2,9,11,1,9,11,808,1562932737215,N,1107,1
214,2,10,filler,filler_22,,/+/The girl's life was saved because the doctor acted so well./,Did the girl die?,N,,0,16,so,11,2,10,11,1,10,11,816,1562932738031,N,1107,1
214,2,10,filler,filler_22,,/+/The girl's life was saved because the doctor acted so well./,Did the girl die?,N,,0,16,well.,12,2,11,11,1,11,11,1320,1562932739351,N,1107,1
214,2,11,target,target_4,C,/+/The convicted criminal * who was * watched at the railway station * was * following the boy./,Did someone watch the criminal?,Y,,0,17,+,1,1,1,1,1,1,1,479,1562932741439,Y,2507,1
214,2,11,target,target_4,C,/+/The convicted criminal * who was * watched at the railway station * was * following the boy./,Did someone watch the criminal?,Y,,0,17,The,2,2,1,14,1,1,3,608,1562932742047,Y,2507,1
214,2,11,target,target_4,C,/+/The convicted criminal * who was * watched at the railway station * was * following the boy./,Did someone watch the criminal?,Y,,0,17,convicted,3,2,2,14,1,2,3,1807,1562932743854,Y,2507,1
214,2,11,target,target_4,C,/+/The convicted criminal * who was * watched at the railway station * was * following the boy./,Did someone watch the criminal?,Y,,0,17,criminal,4,2,3,14,1,3,3,1585,1562932745439,Y,2507,1
214,2,11,target,target_4,C,/+/The convicted criminal * who was * watched at the railway station * was * following the boy./,Did someone watch the criminal?,Y,,0,17,who,5,2,4,14,2,1,2,544,1562932745983,Y,2507,1
214,2,11,target,target_4,C,/+/The convicted criminal * who was * watched at the railway station * was * following the boy./,Did someone watch the criminal?,Y,,0,17,was,6,2,5,14,2,2,2,751,1562932746734,Y,2507,1
214,2,11,target,target_4,C,/+/The convicted criminal * who was * watched at the railway station * was * following the boy./,Did someone watch the criminal?,Y,,0,17,watched,7,2,6,14,3,1,5,1087,1562932747822,Y,2507,1
214,2,11,target,target_4,C,/+/The convicted criminal * who was * watched at the railway station * was * following the boy./,Did someone watch the criminal?,Y,,0,17,at,8,2,7,14,3,2,5,752,1562932748574,Y,2507,1
214,2,11,target,target_4,C,/+/The convicted criminal * who was * watched at the railway station * was * following the boy./,Did someone watch the criminal?,Y,,0,17,the,9,2,8,14,3,3,5,472,1562932749047,Y,2507,1
214,2,11,target,target_4,C,/+/The convicted criminal * who was * watched at the railway station * was * following the boy./,Did someone watch the criminal?,Y,,0,17,railway,10,2,9,14,3,4,5,559,1562932749606,Y,2507,1
214,2,11,target,target_4,C,/+/The convicted criminal * who was * watched at the railway station * was * following the boy./,Did someone watch the criminal?,Y,,0,17,station,11,2,10,14,3,5,5,535,1562932750142,Y,2507,1
214,2,11,target,target_4,C,/+/The convicted criminal * who was * watched at the railway station * was * following the boy./,Did someone watch the criminal?,Y,,0,17,was,12,2,11,14,4,1,1,503,1562932750646,Y,2507,1
214,2,11,target,target_4,C,/+/The convicted criminal * who was * watched at the railway station * was * following the boy./,Did someone watch the criminal?,Y,,0,17,following,13,2,12,14,5,1,3,615,1562932751262,Y,2507,1
214,2,11,target,target_4,C,/+/The convicted criminal * who was * watched at the railway station * was * following the boy./,Did someone watch the criminal?,Y,,0,17,the,14,2,13,14,5,2,3,527,1562932751790,Y,2507,1
214,2,11,target,target_4,C,/+/The convicted criminal * who was * watched at the railway station * was * following the boy./,Did someone watch the criminal?,Y,,0,17,boy.,15,2,14,14,5,3,3,1855,1562932753646,Y,2507,1
214,2,12,filler,filler_35,,/+/The company building was completed successfully in the third quarter./,Was the company building completed?,Y,,0,18,+,1,1,1,1,1,1,1,903,1562932757558,N,4427,0
214,2,12,filler,filler_35,,/+/The company building was completed successfully in the third quarter./,Was the company building completed?,Y,,0,18,The,2,2,1,10,1,1,10,448,1562932758006,N,4427,0
214,2,12,filler,filler_35,,/+/The company building was completed successfully in the third quarter./,Was the company building completed?,Y,,0,18,company,3,2,2,10,1,2,10,664,1562932758670,N,4427,0
214,2,12,filler,filler_35,,/+/The company building was completed successfully in the third quarter./,Was the company building completed?,Y,,0,18,building,4,2,3,10,1,3,10,992,1562932759662,N,4427,0
214,2,12,filler,filler_35,,/+/The company building was completed successfully in the third quarter./,Was the company building completed?,Y,,0,18,was,5,2,4,10,1,4,10,1760,1562932761422,N,4427,0
214,2,12,filler,filler_35,,/+/The company building was completed successfully in the third quarter./,Was the company building completed?,Y,,0,18,completed,6,2,5,10,1,5,10,912,1562932762334,N,4427,0
214,2,12,filler,filler_35,,/+/The company building was completed successfully in the third quarter./,Was the company building completed?,Y,,0,18,successfully,7,2,6,10,1,6,10,1160,1562932763494,N,4427,0
214,2,12,filler,filler_35,,/+/The company building was completed successfully in the third quarter./,Was the company building completed?,Y,,0,18,in,8,2,7,10,1,7,10,624,1562932764118,N,4427,0
214,2,12,filler,filler_35,,/+/The company building was completed successfully in the third quarter./,Was the company building completed?,Y,,0,18,the,9,2,8,10,1,8,10,936,1562932765054,N,4427,0
214,2,12,filler,filler_35,,/+/The company building was completed successfully in the third quarter./,Was the company building completed?,Y,,0,18,third,10,2,9,10,1,9,10,592,1562932765646,N,4427,0
214,2,12,filler,filler_35,,/+/The company building was completed successfully in the third quarter./,Was the company building completed?,Y,,0,18,quarter.,11,2,10,10,1,10,10,3048,1562932768694,N,4427,0
214,2,13,target,target_8,G,/+/The older kids * showed all the dances * felt * amazed at the party./,Did the older kids show the dances?,N,,0,19,+,1,1,1,1,1,1,1,3678,1562932777301,N,2548,1
214,2,13,target,target_8,G,/+/The older kids * showed all the dances * felt * amazed at the party./,Did the older kids show the dances?,N,,0,19,The,2,2,1,12,1,1,3,1129,1562932778430,N,2548,1
214,2,13,target,target_8,G,/+/The older kids * showed all the dances * felt * amazed at the party./,Did the older kids show the dances?,N,,0,19,older,3,2,2,12,1,2,3,1096,1562932779526,N,2548,1
214,2,13,target,target_8,G,/+/The older kids * showed all the dances * felt * amazed at the party./,Did the older kids show the dances?,N,,0,19,kids,4,2,3,12,1,3,3,992,1562932780518,N,2548,1
214,2,13,target,target_8,G,/+/The older kids * showed all the dances * felt * amazed at the party./,Did the older kids show the dances?,N,,0,19,showed,5,2,4,12,2,1,4,1704,1562932782222,N,2548,1
214,2,13,target,target_8,G,/+/The older kids * showed all the dances * felt * amazed at the party./,Did the older kids show the dances?,N,,0,19,all,6,2,5,12,2,2,4,544,1562932782766,N,2548,1
214,2,13,target,target_8,G,/+/The older kids * showed all the dances * felt * amazed at the party./,Did the older kids show the dances?,N,,0,19,the,7,2,6,12,2,3,4,607,1562932783373,N,2548,1
214,2,13,target,target_8,G,/+/The older kids * showed all the dances * felt * amazed at the party./,Did the older kids show the dances?,N,,0,19,dances,8,2,7,12,2,4,4,897,1562932784270,N,2548,1
214,2,13,target,target_8,G,/+/The older kids * showed all the dances * felt * amazed at the party./,Did the older kids show the dances?,N,,0,19,felt,9,2,8,12,3,1,1,2320,1562932786590,N,2548,1
214,2,13,target,target_8,G,/+/The older kids * showed all the dances * felt * amazed at the party./,Did the older kids show the dances?,N,,0,19,amazed,10,2,9,12,4,1,4,999,1562932787590,N,2548,1
214,2,13,target,target_8,G,/+/The older kids * showed all the dances * felt * amazed at the party./,Did the older kids show the dances?,N,,0,19,felt,11,2,8,12,3,1,1,499,1562932788090,N,2548,1
214,2,13,target,target_8,G,/+/The older kids * showed all the dances * felt * amazed at the party./,Did the older kids show the dances?,N,,0,19,dances,12,2,7,12,2,4,4,33,1562932788123,N,2548,1
214,2,13,target,target_8,G,/+/The older kids * showed all the dances * felt * amazed at the party./,Did the older kids show the dances?,N,,0,19,the,13,2,6,12,2,3,4,33,1562932788156,N,2548,1
214,2,13,target,target_8,G,/+/The older kids * showed all the dances * felt * amazed at the party./,Did the older kids show the dances?,N,,0,19,all,14,2,5,12,2,2,4,378,1562932788534,N,2548,1
214,2,13,target,target_8,G,/+/The older kids * showed all the dances * felt * amazed at the party./,Did the older kids show the dances?,N,,0,19,showed,15,2,4,12,2,1,4,767,1562932789302,N,2548,1
214,2,13,target,target_8,G,/+/The older kids * showed all the dances * felt * amazed at the party./,Did the older kids show the dances?,N,,0,19,all,16,2,5,12,2,2,4,391,1562932789694,N,2548,1
214,2,13,target,target_8,G,/+/The older kids * showed all the dances * felt * amazed at the party./,Did the older kids show the dances?,N,,0,19,the,17,2,6,12,2,3,4,407,1562932790102,N,2548,1
214,2,13,target,target_8,G,/+/The older kids * showed all the dances * felt * amazed at the party./,Did the older kids show the dances?,N,,0,19,dances,18,2,7,12,2,4,4,391,1562932790494,N,2548,1
214,2,13,target,target_8,G,/+/The older kids * showed all the dances * felt * amazed at the party./,Did the older kids show the dances?,N,,0,19,felt,19,2,8,12,3,1,1,440,1562932790934,N,2548,1
214,2,13,target,target_8,G,/+/The older kids * showed all the dances * felt * amazed at the party./,Did the older kids show the dances?,N,,0,19,amazed,20,2,9,12,4,1,4,559,1562932791494,N,2548,1
214,2,13,target,target_8,G,/+/The older kids * showed all the dances * felt * amazed at the party./,Did the older kids show the dances?,N,,0,19,at,21,2,10,12,4,2,4,464,1562932791958,N,2548,1
214,2,13,target,target_8,G,/+/The older kids * showed all the dances * felt * amazed at the party./,Did the older kids show the dances?,N,,0,19,the,22,2,11,12,4,3,4,391,1562932792350,N,2548,1
214,2,13,target,target_8,G,/+/The older kids * showed all the dances * felt * amazed at the party./,Did the older kids show the dances?,N,,0,19,party.,23,2,12,12,4,4,4,1096,1562932793446,N,2548,1
214,2,14,filler,filler_27,,/+/The letter that came this morning was from a friendly classmate./,Did the letter arrive this morning?,Y,,0,20,+,1,1,1,1,1,1,1,606,1562932797103,Y,4275,1
214,2,14,filler,filler_27,,/+/The letter that came this morning was from a friendly classmate./,Did the letter arrive this morning?,Y,,0,20,The,2,2,1,11,1,1,11,407,1562932797510,Y,4275,1
214,2,14,filler,filler_27,,/+/The letter that came this morning was from a friendly classmate./,Did the letter arrive this morning?,Y,,0,20,letter,3,2,2,11,1,2,11,552,1562932798062,Y,4275,1
214,2,14,filler,filler_27,,/+/The letter that came this morning was from a friendly classmate./,Did the letter arrive this morning?,Y,,0,20,that,4,2,3,11,1,3,11,472,1562932798534,Y,4275,1
214,2,14,filler,filler_27,,/+/The letter that came this morning was from a friendly classmate./,Did the letter arrive this morning?,Y,,0,20,came,5,2,4,11,1,4,11,656,1562932799190,Y,4275,1
214,2,14,filler,filler_27,,/+/The letter that came this morning was from a friendly classmate./,Did the letter arrive this morning?,Y,,0,20,this,6,2,5,11,1,5,11,1888,1562932801078,Y,4275,1
214,2,14,filler,filler_27,,/+/The letter that came this morning was from a friendly classmate./,Did the letter arrive this morning?,Y,,0,20,came,7,2,4,11,1,4,11,352,1562932801430,Y,4275,1
214,2,14,filler,filler_27,,/+/The letter that came this morning was from a friendly classmate./,Did the letter arrive this morning?,Y,,0,20,that,8,2,3,11,1,3,11,440,1562932801870,Y,4275,1
214,2,14,filler,filler_27,,/+/The letter that came this morning was from a friendly classmate./,Did the letter arrive this morning?,Y,,0,20,letter,9,2,2,11,1,2,11,504,1562932802374,Y,4275,1
214,2,14,filler,filler_27,,/+/The letter that came this morning was from a friendly classmate./,Did the letter arrive this morning?,Y,,0,20,that,10,2,3,11,1,3,11,712,1562932803086,Y,4275,1
214,2,14,filler,filler_27,,/+/The letter that came this morning was from a friendly classmate./,Did the letter arrive this morning?,Y,,0,20,came,11,2,4,11,1,4,11,680,1562932803766,Y,4275,1
214,2,14,filler,filler_27,,/+/The letter that came this morning was from a friendly classmate./,Did the letter arrive this morning?,Y,,0,20,this,12,2,5,11,1,5,11,360,1562932804126,Y,4275,1
214,2,14,filler,filler_27,,/+/The letter that came this morning was from a friendly classmate./,Did the letter arrive this morning?,Y,,0,20,morning,13,2,6,11,1,6,11,832,1562932804958,Y,4275,1
214,2,14,filler,filler_27,,/+/The letter that came this morning was from a friendly classmate./,Did the letter arrive this morning?,Y,,0,20,was,14,2,7,11,1,7,11,1224,1562932806182,Y,4275,1
214,2,14,filler,filler_27,,/+/The letter that came this morning was from a friendly classmate./,Did the letter arrive this morning?,Y,,0,20,from,15,2,8,11,1,8,11,535,1562932806717,Y,4275,1
214,2,14,filler,filler_27,,/+/The letter that came this morning was from a friendly classmate./,Did the letter arrive this morning?,Y,,0,20,a,16,2,9,11,1,9,11,385,1562932807102,Y,4275,1
214,2,14,filler,filler_27,,/+/The letter that came this morning was from a friendly classmate./,Did the letter arrive this morning?,Y,,0,20,friendly,17,2,10,11,1,10,11,680,1562932807782,Y,4275,1
214,2,14,filler,filler_27,,/+/The letter that came this morning was from a friendly classmate./,Did the letter arrive this morning?,Y,,0,20,classmate.,18,2,11,11,1,11,11,3424,1562932811206,Y,4275,1
214,2,15,filler,filler_15,,/+/The book contained many useful information which could benefit the health./,Could the book be helpful for health?,Y,,0,21,+,1,1,1,1,1,1,1,527,1562932816510,Y,1556,1
214,2,15,filler,filler_15,,/+/The book contained many useful information which could benefit the health./,Could the book be helpful for health?,Y,,0,21,The,2,2,1,11,1,1,11,560,1562932817070,Y,1556,1
214,2,15,filler,filler_15,,/+/The book contained many useful information which could benefit the health./,Could the book be helpful for health?,Y,,0,21,book,3,2,2,11,1,2,11,600,1562932817670,Y,1556,1
214,2,15,filler,filler_15,,/+/The book contained many useful information which could benefit the health./,Could the book be helpful for health?,Y,,0,21,contained,4,2,3,11,1,3,11,992,1562932818662,Y,1556,1
214,2,15,filler,filler_15,,/+/The book contained many useful information which could benefit the health./,Could the book be helpful for health?,Y,,0,21,many,5,2,4,11,1,4,11,584,1562932819246,Y,1556,1
214,2,15,filler,filler_15,,/+/The book contained many useful information which could benefit the health./,Could the book be helpful for health?,Y,,0,21,useful,6,2,5,11,1,5,11,520,1562932819766,Y,1556,1
214,2,15,filler,filler_15,,/+/The book contained many useful information which could benefit the health./,Could the book be helpful for health?,Y,,0,21,information,7,2,6,11,1,6,11,2000,1562932821766,Y,1556,1
214,2,15,filler,filler_15,,/+/The book contained many useful information which could benefit the health./,Could the book be helpful for health?,Y,,0,21,which,8,2,7,11,1,7,11,1936,1562932823702,Y,1556,1
214,2,15,filler,filler_15,,/+/The book contained many useful information which could benefit the health./,Could the book be helpful for health?,Y,,0,21,could,9,2,8,11,1,8,11,440,1562932824142,Y,1556,1
214,2,15,filler,filler_15,,/+/The book contained many useful information which could benefit the health./,Could the book be helpful for health?,Y,,0,21,benefit,10,2,9,11,1,9,11,600,1562932824742,Y,1556,1
214,2,15,filler,filler_15,,/+/The book contained many useful information which could benefit the health./,Could the book be helpful for health?,Y,,0,21,the,11,2,10,11,1,10,11,992,1562932825734,Y,1556,1
214,2,15,filler,filler_15,,/+/The book contained many useful information which could benefit the health./,Could the book be helpful for health?,Y,,0,21,health.,12,2,11,11,1,11,11,1792,1562932827526,Y,1556,1
214,2,16,target,target_6,C,/+/The six volunteers * who were * taught the complicated procedure * became * very good students./,Did the volunteers teach the procedure?,N,,0,22,+,1,1,1,1,1,1,1,511,1562932830094,N,2197,1
214,2,16,target,target_6,C,/+/The six volunteers * who were * taught the complicated procedure * became * very good students./,Did the volunteers teach the procedure?,N,,0,22,The,2,2,1,13,1,1,3,470,1562932830566,N,2197,1
214,2,16,target,target_6,C,/+/The six volunteers * who were * taught the complicated procedure * became * very good students./,Did the volunteers teach the procedure?,N,,0,22,six,3,2,2,13,1,2,3,615,1562932831181,N,2197,1
214,2,16,target,target_6,C,/+/The six volunteers * who were * taught the complicated procedure * became * very good students./,Did the volunteers teach the procedure?,N,,0,22,volunteers,4,2,3,13,1,3,3,3879,1562932835061,N,2197,1
214,2,16,target,target_6,C,/+/The six volunteers * who were * taught the complicated procedure * became * very good students./,Did the volunteers teach the procedure?,N,,0,22,who,5,2,4,13,2,1,2,1184,1562932836245,N,2197,1
214,2,16,target,target_6,C,/+/The six volunteers * who were * taught the complicated procedure * became * very good students./,Did the volunteers teach the procedure?,N,,0,22,were,6,2,5,13,2,2,2,607,1562932836853,N,2197,1
214,2,16,target,target_6,C,/+/The six volunteers * who were * taught the complicated procedure * became * very good students./,Did the volunteers teach the procedure?,N,,0,22,taught,7,2,6,13,3,1,4,599,1562932837453,N,2197,1
214,2,16,target,target_6,C,/+/The six volunteers * who were * taught the complicated procedure * became * very good students./,Did the volunteers teach the procedure?,N,,0,22,the,8,2,7,13,3,2,4,592,1562932838045,N,2197,1
214,2,16,target,target_6,C,/+/The six volunteers * who were * taught the complicated procedure * became * very good students./,Did the volunteers teach the procedure?,N,,0,22,complicated,9,2,8,13,3,3,4,896,1562932838941,N,2197,1
214,2,16,target,target_6,C,/+/The six volunteers * who were * taught the complicated procedure * became * very good students./,Did the volunteers teach the procedure?,N,,0,22,procedure,10,2,9,13,3,4,4,2255,1562932841197,N,2197,1
214,2,16,target,target_6,C,/+/The six volunteers * who were * taught the complicated procedure * became * very good students./,Did the volunteers teach the procedure?,N,,0,22,became,11,2,10,13,4,1,1,552,1562932841749,N,2197,1
214,2,16,target,target_6,C,/+/The six volunteers * who were * taught the complicated procedure * became * very good students./,Did the volunteers teach the procedure?,N,,0,22,very,12,2,11,13,5,1,3,431,1562932842181,N,2197,1
214,2,16,target,target_6,C,/+/The six volunteers * who were * taught the complicated procedure * became * very good students./,Did the volunteers teach the procedure?,N,,0,22,good,13,2,12,13,5,2,3,888,1562932843069,N,2197,1
214,2,16,target,target_6,C,/+/The six volunteers * who were * taught the complicated procedure * became * very good students./,Did the volunteers teach the procedure?,N,,0,22,students.,14,2,13,13,5,3,3,1408,1562932844477,N,2197,1
214,2,17,filler,filler_5,,/+/The author said that the new book was based on a real story./,Was the book entirely imaginary? ,N,,0,23,+,1,1,1,1,1,1,1,654,1562932847831,N,3156,1
214,2,17,filler,filler_5,,/+/The author said that the new book was based on a real story./,Was the book entirely imaginary? ,N,,0,23,The,2,2,1,13,1,1,13,664,1562932848495,N,3156,1
214,2,17,filler,filler_5,,/+/The author said that the new book was based on a real story./,Was the book entirely imaginary? ,N,,0,23,author,3,2,2,13,1,2,13,600,1562932849095,N,3156,1
214,2,17,filler,filler_5,,/+/The author said that the new book was based on a real story./,Was the book entirely imaginary? ,N,,0,23,said,4,2,3,13,1,3,13,744,1562932849839,N,3156,1
214,2,17,filler,filler_5,,/+/The author said that the new book was based on a real story./,Was the book entirely imaginary? ,N,,0,23,that,5,2,4,13,1,4,13,568,1562932850407,N,3156,1
214,2,17,filler,filler_5,,/+/The author said that the new book was based on a real story./,Was the book entirely imaginary? ,N,,0,23,the,6,2,5,13,1,5,13,416,1562932850823,N,3156,1
214,2,17,filler,filler_5,,/+/The author said that the new book was based on a real story./,Was the book entirely imaginary? ,N,,0,23,new,7,2,6,13,1,6,13,423,1562932851246,N,3156,1
214,2,17,filler,filler_5,,/+/The author said that the new book was based on a real story./,Was the book entirely imaginary? ,N,,0,23,book,8,2,7,13,1,7,13,1401,1562932852647,N,3156,1
214,2,17,filler,filler_5,,/+/The author said that the new book was based on a real story./,Was the book entirely imaginary? ,N,,0,23,was,9,2,8,13,1,8,13,472,1562932853119,N,3156,1
214,2,17,filler,filler_5,,/+/The author said that the new book was based on a real story./,Was the book entirely imaginary? ,N,,0,23,based,10,2,9,13,1,9,13,424,1562932853543,N,3156,1
214,2,17,filler,filler_5,,/+/The author said that the new book was based on a real story./,Was the book entirely imaginary? ,N,,0,23,on,11,2,10,13,1,10,13,512,1562932854055,N,3156,1
214,2,17,filler,filler_5,,/+/The author said that the new book was based on a real story./,Was the book entirely imaginary? ,N,,0,23,a,12,2,11,13,1,11,13,319,1562932854374,N,3156,1
214,2,17,filler,filler_5,,/+/The author said that the new book was based on a real story./,Was the book entirely imaginary? ,N,,0,23,real,13,2,12,13,1,12,13,361,1562932854735,N,3156,1
214,2,17,filler,filler_5,,/+/The author said that the new book was based on a real story./,Was the book entirely imaginary? ,N,,0,23,story.,14,2,13,13,1,13,13,352,1562932855087,N,3156,1
214,2,18,filler,filler_38,,/+/The gatekeeper refused to hand over the door key to the man./,Did the gatekeeper refuse to hand over the key?,Y,,0,24,+,1,1,1,1,1,1,1,614,1562932859358,Y,2995,1
214,2,18,filler,filler_38,,/+/The gatekeeper refused to hand over the door key to the man./,Did the gatekeeper refuse to hand over the key?,Y,,0,24,The,2,2,1,12,1,1,12,865,1562932860223,Y,2995,1
214,2,18,filler,filler_38,,/+/The gatekeeper refused to hand over the door key to the man./,Did the gatekeeper refuse to hand over the key?,Y,,0,24,gatekeeper,3,2,2,12,1,2,12,1712,1562932861935,Y,2995,1
214,2,18,filler,filler_38,,/+/The gatekeeper refused to hand over the door key to the man./,Did the gatekeeper refuse to hand over the key?,Y,,0,24,refused,4,2,3,12,1,3,12,848,1562932862783,Y,2995,1
214,2,18,filler,filler_38,,/+/The gatekeeper refused to hand over the door key to the man./,Did the gatekeeper refuse to hand over the key?,Y,,0,24,to,5,2,4,12,1,4,12,560,1562932863343,Y,2995,1
214,2,18,filler,filler_38,,/+/The gatekeeper refused to hand over the door key to the man./,Did the gatekeeper refuse to hand over the key?,Y,,0,24,hand,6,2,5,12,1,5,12,536,1562932863879,Y,2995,1
214,2,18,filler,filler_38,,/+/The gatekeeper refused to hand over the door key to the man./,Did the gatekeeper refuse to hand over the key?,Y,,0,24,over,7,2,6,12,1,6,12,543,1562932864422,Y,2995,1
214,2,18,filler,filler_38,,/+/The gatekeeper refused to hand over the door key to the man./,Did the gatekeeper refuse to hand over the key?,Y,,0,24,the,8,2,7,12,1,7,12,497,1562932864919,Y,2995,1
214,2,18,filler,filler_38,,/+/The gatekeeper refused to hand over the door key to the man./,Did the gatekeeper refuse to hand over the key?,Y,,0,24,door,9,2,8,12,1,8,12,639,1562932865558,Y,2995,1
214,2,18,filler,filler_38,,/+/The gatekeeper refused to hand over the door key to the man./,Did the gatekeeper refuse to hand over the key?,Y,,0,24,key,10,2,9,12,1,9,12,1280,1562932866838,Y,2995,1
214,2,18,filler,filler_38,,/+/The gatekeeper refused to hand over the door key to the man./,Did the gatekeeper refuse to hand over the key?,Y,,0,24,to,11,2,10,12,1,10,12,647,1562932867486,Y,2995,1
214,2,18,filler,filler_38,,/+/The gatekeeper refused to hand over the door key to the man./,Did the gatekeeper refuse to hand over the key?,Y,,0,24,the,12,2,11,12,1,11,12,1088,1562932868574,Y,2995,1
214,2,18,filler,filler_38,,/+/The gatekeeper refused to hand over the door key to the man./,Did the gatekeeper refuse to hand over the key?,Y,,0,24,man.,13,2,12,12,1,12,12,1088,1562932869662,Y,2995,1
214,2,19,filler,filler_37,,/+/The tiger was caught after it ate two persons within one week./,Was the tiger caught?,Y,,0,25,+,1,1,1,1,1,1,1,567,1562932873726,Y,996,1
214,2,19,filler,filler_37,,/+/The tiger was caught after it ate two persons within one week./,Was the tiger caught?,Y,,0,25,The,2,2,1,12,1,1,12,592,1562932874318,Y,996,1
214,2,19,filler,filler_37,,/+/The tiger was caught after it ate two persons within one week./,Was the tiger caught?,Y,,0,25,tiger,3,2,2,12,1,2,12,832,1562932875150,Y,996,1
214,2,19,filler,filler_37,,/+/The tiger was caught after it ate two persons within one week./,Was the tiger caught?,Y,,0,25,was,4,2,3,12,1,3,12,511,1562932875662,Y,996,1
214,2,19,filler,filler_37,,/+/The tiger was caught after it ate two persons within one week./,Was the tiger caught?,Y,,0,25,caught,5,2,4,12,1,4,12,1048,1562932876710,Y,996,1
214,2,19,filler,filler_37,,/+/The tiger was caught after it ate two persons within one week./,Was the tiger caught?,Y,,0,25,after,6,2,5,12,1,5,12,1208,1562932877918,Y,996,1
214,2,19,filler,filler_37,,/+/The tiger was caught after it ate two persons within one week./,Was the tiger caught?,Y,,0,25,it,7,2,6,12,1,6,12,1048,1562932878966,Y,996,1
214,2,19,filler,filler_37,,/+/The tiger was caught after it ate two persons within one week./,Was the tiger caught?,Y,,0,25,ate,8,2,7,12,1,7,12,480,1562932879446,Y,996,1
214,2,19,filler,filler_37,,/+/The tiger was caught after it ate two persons within one week./,Was the tiger caught?,Y,,0,25,two,9,2,8,12,1,8,12,576,1562932880022,Y,996,1
214,2,19,filler,filler_37,,/+/The tiger was caught after it ate two persons within one week./,Was the tiger caught?,Y,,0,25,persons,10,2,9,12,1,9,12,1240,1562932881262,Y,996,1
214,2,19,filler,filler_37,,/+/The tiger was caught after it ate two persons within one week./,Was the tiger caught?,Y,,0,25,within,11,2,10,12,1,10,12,511,1562932881773,Y,996,1
214,2,19,filler,filler_37,,/+/The tiger was caught after it ate two persons within one week./,Was the tiger caught?,Y,,0,25,one,12,2,11,12,1,11,12,528,1562932882302,Y,996,1
214,2,19,filler,filler_37,,/+/The tiger was caught after it ate two persons within one week./,Was the tiger caught?,Y,,0,25,week.,13,2,12,12,1,12,12,1368,1562932883670,Y,996,1
214,2,20,target,target_7,G,/+/The old man * advised on the special diet * has * not responded./,Did the old man advise on the diet?,N,,0,26,+,1,1,1,1,1,1,1,551,1562932885718,N,2164,1
214,2,20,target,target_7,G,/+/The old man * advised on the special diet * has * not responded./,Did the old man advise on the diet?,N,,0,26,The,2,2,1,11,1,1,3,448,1562932886166,N,2164,1
214,2,20,target,target_7,G,/+/The old man * advised on the special diet * has * not responded./,Did the old man advise on the diet?,N,,0,26,old,3,2,2,11,1,2,3,384,1562932886550,N,2164,1
214,2,20,target,target_7,G,/+/The old man * advised on the special diet * has * not responded./,Did the old man advise on the diet?,N,,0,26,man,4,2,3,11,1,3,3,352,1562932886902,N,2164,1
214,2,20,target,target_7,G,/+/The old man * advised on the special diet * has * not responded./,Did the old man advise on the diet?,N,,0,26,advised,5,2,4,11,2,1,5,448,1562932887350,N,2164,1
214,2,20,target,target_7,G,/+/The old man * advised on the special diet * has * not responded./,Did the old man advise on the diet?,N,,0,26,on,6,2,5,11,2,2,5,376,1562932887726,N,2164,1
214,2,20,target,target_7,G,/+/The old man * advised on the special diet * has * not responded./,Did the old man advise on the diet?,N,,0,26,the,7,2,6,11,2,3,5,2016,1562932889742,N,2164,1
214,2,20,target,target_7,G,/+/The old man * advised on the special diet * has * not responded./,Did the old man advise on the diet?,N,,0,26,on,8,2,5,11,2,2,5,304,1562932890046,N,2164,1
214,2,20,target,target_7,G,/+/The old man * advised on the special diet * has * not responded./,Did the old man advise on the diet?,N,,0,26,advised,9,2,4,11,2,1,5,744,1562932890790,N,2164,1
214,2,20,target,target_7,G,/+/The old man * advised on the special diet * has * not responded./,Did the old man advise on the diet?,N,,0,26,man,10,2,3,11,1,3,3,528,1562932891318,N,2164,1
214,2,20,target,target_7,G,/+/The old man * advised on the special diet * has * not responded./,Did the old man advise on the diet?,N,,0,26,advised,11,2,4,11,2,1,5,416,1562932891734,N,2164,1
214,2,20,target,target_7,G,/+/The old man * advised on the special diet * has * not responded./,Did the old man advise on the diet?,N,,0,26,on,12,2,5,11,2,2,5,3096,1562932894830,N,2164,1
214,2,20,target,target_7,G,/+/The old man * advised on the special diet * has * not responded./,Did the old man advise on the diet?,N,,0,26,the,13,2,6,11,2,3,5,448,1562932895278,N,2164,1
214,2,20,target,target_7,G,/+/The old man * advised on the special diet * has * not responded./,Did the old man advise on the diet?,N,,0,26,special,14,2,7,11,2,4,5,864,1562932896142,N,2164,1
214,2,20,target,target_7,G,/+/The old man * advised on the special diet * has * not responded./,Did the old man advise on the diet?,N,,0,26,diet,15,2,8,11,2,5,5,560,1562932896702,N,2164,1
214,2,20,target,target_7,G,/+/The old man * advised on the special diet * has * not responded./,Did the old man advise on the diet?,N,,0,26,has,16,2,9,11,3,1,1,648,1562932897350,N,2164,1
214,2,20,target,target_7,G,/+/The old man * advised on the special diet * has * not responded./,Did the old man advise on the diet?,N,,0,26,not,17,2,10,11,4,1,2,384,1562932897734,N,2164,1
214,2,20,target,target_7,G,/+/The old man * advised on the special diet * has * not responded./,Did the old man advise on the diet?,N,,0,26,responded.,18,2,11,11,4,2,2,1183,1562932898917,N,2164,1
214,2,21,filler,filler_18,,/+/The actual price of the clothes was much higher than the man had expected./,Was the price of the clothes low?,N,,0,27,+,1,1,1,1,1,1,1,575,1562932902158,N,2795,1
214,2,21,filler,filler_18,,/+/The actual price of the clothes was much higher than the man had expected./,Was the price of the clothes low?,N,,0,27,The,2,2,1,14,1,1,14,440,1562932902598,N,2795,1
214,2,21,filler,filler_18,,/+/The actual price of the clothes was much higher than the man had expected./,Was the price of the clothes low?,N,,0,27,actual,3,2,2,14,1,2,14,4152,1562932906750,N,2795,1
214,2,21,filler,filler_18,,/+/The actual price of the clothes was much higher than the man had expected./,Was the price of the clothes low?,N,,0,27,price,4,2,3,14,1,3,14,1280,1562932908030,N,2795,1
214,2,21,filler,filler_18,,/+/The actual price of the clothes was much higher than the man had expected./,Was the price of the clothes low?,N,,0,27,of,5,2,4,14,1,4,14,1321,1562932909351,N,2795,1
214,2,21,filler,filler_18,,/+/The actual price of the clothes was much higher than the man had expected./,Was the price of the clothes low?,N,,0,27,price,6,2,3,14,1,3,14,264,1562932909615,N,2795,1
214,2,21,filler,filler_18,,/+/The actual price of the clothes was much higher than the man had expected./,Was the price of the clothes low?,N,,0,27,actual,7,2,2,14,1,2,14,656,1562932910271,N,2795,1
214,2,21,filler,filler_18,,/+/The actual price of the clothes was much higher than the man had expected./,Was the price of the clothes low?,N,,0,27,price,8,2,3,14,1,3,14,512,1562932910783,N,2795,1
214,2,21,filler,filler_18,,/+/The actual price of the clothes was much higher than the man had expected./,Was the price of the clothes low?,N,,0,27,of,9,2,4,14,1,4,14,480,1562932911263,N,2795,1
214,2,21,filler,filler_18,,/+/The actual price of the clothes was much higher than the man had expected./,Was the price of the clothes low?,N,,0,27,the,10,2,5,14,1,5,14,472,1562932911735,N,2795,1
214,2,21,filler,filler_18,,/+/The actual price of the clothes was much higher than the man had expected./,Was the price of the clothes low?,N,,0,27,clothes,11,2,6,14,1,6,14,1552,1562932913287,N,2795,1
214,2,21,filler,filler_18,,/+/The actual price of the clothes was much higher than the man had expected./,Was the price of the clothes low?,N,,0,27,was,12,2,7,14,1,7,14,911,1562932914198,N,2795,1
214,2,21,filler,filler_18,,/+/The actual price of the clothes was much higher than the man had expected./,Was the price of the clothes low?,N,,0,27,much,13,2,8,14,1,8,14,705,1562932914903,N,2795,1
214,2,21,filler,filler_18,,/+/The actual price of the clothes was much higher than the man had expected./,Was the price of the clothes low?,N,,0,27,higher,14,2,9,14,1,9,14,1008,1562932915911,N,2795,1
214,2,21,filler,filler_18,,/+/The actual price of the clothes was much higher than the man had expected./,Was the price of the clothes low?,N,,0,27,than,15,2,10,14,1,10,14,1504,1562932917415,N,2795,1
214,2,21,filler,filler_18,,/+/The actual price of the clothes was much higher than the man had expected./,Was the price of the clothes low?,N,,0,27,the,16,2,11,14,1,11,14,976,1562932918391,N,2795,1
214,2,21,filler,filler_18,,/+/The actual price of the clothes was much higher than the man had expected./,Was the price of the clothes low?,N,,0,27,man,17,2,12,14,1,12,14,807,1562932919198,N,2795,1
214,2,21,filler,filler_18,,/+/The actual price of the clothes was much higher than the man had expected./,Was the price of the clothes low?,N,,0,27,had,18,2,13,14,1,13,14,665,1562932919863,N,2795,1
214,2,21,filler,filler_18,,/+/The actual price of the clothes was much higher than the man had expected./,Was the price of the clothes low?,N,,0,27,expected.,19,2,14,14,1,14,14,2439,1562932922302,N,2795,1
214,2,21,filler,filler_18,,/+/The actual price of the clothes was much higher than the man had expected./,Was the price of the clothes low?,N,,0,27,had,20,2,13,14,1,13,14,769,1562932923071,N,2795,1
214,2,21,filler,filler_18,,/+/The actual price of the clothes was much higher than the man had expected./,Was the price of the clothes low?,N,,0,27,man,21,2,12,14,1,12,14,500,1562932923571,N,2795,1
214,2,21,filler,filler_18,,/+/The actual price of the clothes was much higher than the man had expected./,Was the price of the clothes low?,N,,0,27,the,22,2,11,14,1,11,14,33,1562932923604,N,2795,1
214,2,21,filler,filler_18,,/+/The actual price of the clothes was much higher than the man had expected./,Was the price of the clothes low?,N,,0,27,than,23,2,10,14,1,10,14,33,1562932923637,N,2795,1
214,2,21,filler,filler_18,,/+/The actual price of the clothes was much higher than the man had expected./,Was the price of the clothes low?,N,,0,27,higher,24,2,9,14,1,9,14,32,1562932923669,N,2795,1
214,2,21,filler,filler_18,,/+/The actual price of the clothes was much higher than the man had expected./,Was the price of the clothes low?,N,,0,27,much,25,2,8,14,1,8,14,32,1562932923702,N,2795,1
214,2,21,filler,filler_18,,/+/The actual price of the clothes was much higher than the man had expected./,Was the price of the clothes low?,N,,0,27,was,26,2,7,14,1,7,14,34,1562932923736,N,2795,1
214,2,21,filler,filler_18,,/+/The actual price of the clothes was much higher than the man had expected./,Was the price of the clothes low?,N,,0,27,clothes,27,2,6,14,1,6,14,33,1562932923769,N,2795,1
214,2,21,filler,filler_18,,/+/The actual price of the clothes was much higher than the man had expected./,Was the price of the clothes low?,N,,0,27,the,28,2,5,14,1,5,14,517,1562932924286,N,2795,1
214,2,21,filler,filler_18,,/+/The actual price of the clothes was much higher than the man had expected./,Was the price of the clothes low?,N,,0,27,clothes,29,2,6,14,1,6,14,500,1562932924786,N,2795,1
214,2,21,filler,filler_18,,/+/The actual price of the clothes was much higher than the man had expected./,Was the price of the clothes low?,N,,0,27,was,30,2,7,14,1,7,14,33,1562932924819,N,2795,1
214,2,21,filler,filler_18,,/+/The actual price of the clothes was much higher than the man had expected./,Was the price of the clothes low?,N,,0,27,much,31,2,8,14,1,8,14,172,1562932924991,N,2795,1
214,2,21,filler,filler_18,,/+/The actual price of the clothes was much higher than the man had expected./,Was the price of the clothes low?,N,,0,27,higher,32,2,9,14,1,9,14,504,1562932925495,N,2795,1
214,2,21,filler,filler_18,,/+/The actual price of the clothes was much higher than the man had expected./,Was the price of the clothes low?,N,,0,27,than,33,2,10,14,1,10,14,367,1562932925862,N,2795,1
214,2,21,filler,filler_18,,/+/The actual price of the clothes was much higher than the man had expected./,Was the price of the clothes low?,N,,0,27,the,34,2,11,14,1,11,14,311,1562932926174,N,2795,1
214,2,21,filler,filler_18,,/+/The actual price of the clothes was much higher than the man had expected./,Was the price of the clothes low?,N,,0,27,man,35,2,12,14,1,12,14,271,1562932926446,N,2795,1
214,2,21,filler,filler_18,,/+/The actual price of the clothes was much higher than the man had expected./,Was the price of the clothes low?,N,,0,27,had,36,2,13,14,1,13,14,303,1562932926750,N,2795,1
214,2,21,filler,filler_18,,/+/The actual price of the clothes was much higher than the man had expected./,Was the price of the clothes low?,N,,0,27,expected.,37,2,14,14,1,14,14,551,1562932927302,N,2795,1
214,2,22,target,target_9,C,/+/The famous scientist * who was * awarded an academic prize * expressed * his excitement./,Did the scientist award a prize？,N,,0,28,+,1,1,1,1,1,1,1,615,1562932931214,N,5443,1
214,2,22,target,target_9,C,/+/The famous scientist * who was * awarded an academic prize * expressed * his excitement./,Did the scientist award a prize？,N,,0,28,The,2,2,1,12,1,1,3,400,1562932931614,N,5443,1
214,2,22,target,target_9,C,/+/The famous scientist * who was * awarded an academic prize * expressed * his excitement./,Did the scientist award a prize？,N,,0,28,famous,3,2,2,12,1,2,3,727,1562932932342,N,5443,1
214,2,22,target,target_9,C,/+/The famous scientist * who was * awarded an academic prize * expressed * his excitement./,Did the scientist award a prize？,N,,0,28,scientist,4,2,3,12,1,3,3,975,1562932933318,N,5443,1
214,2,22,target,target_9,C,/+/The famous scientist * who was * awarded an academic prize * expressed * his excitement./,Did the scientist award a prize？,N,,0,28,who,5,2,4,12,2,1,2,519,1562932933838,N,5443,1
214,2,22,target,target_9,C,/+/The famous scientist * who was * awarded an academic prize * expressed * his excitement./,Did the scientist award a prize？,N,,0,28,was,6,2,5,12,2,2,2,560,1562932934398,N,5443,1
214,2,22,target,target_9,C,/+/The famous scientist * who was * awarded an academic prize * expressed * his excitement./,Did the scientist award a prize？,N,,0,28,awarded,7,2,6,12,3,1,4,1904,1562932936302,N,5443,1
214,2,22,target,target_9,C,/+/The famous scientist * who was * awarded an academic prize * expressed * his excitement./,Did the scientist award a prize？,N,,0,28,an,8,2,7,12,3,2,4,2248,1562932938550,N,5443,1
214,2,22,target,target_9,C,/+/The famous scientist * who was * awarded an academic prize * expressed * his excitement./,Did the scientist award a prize？,N,,0,28,academic,9,2,8,12,3,3,4,720,1562932939270,N,5443,1
214,2,22,target,target_9,C,/+/The famous scientist * who was * awarded an academic prize * expressed * his excitement./,Did the scientist award a prize？,N,,0,28,prize,10,2,9,12,3,4,4,496,1562932939766,N,5443,1
214,2,22,target,target_9,C,/+/The famous scientist * who was * awarded an academic prize * expressed * his excitement./,Did the scientist award a prize？,N,,0,28,expressed,11,2,10,12,4,1,1,680,1562932940446,N,5443,1
214,2,22,target,target_9,C,/+/The famous scientist * who was * awarded an academic prize * expressed * his excitement./,Did the scientist award a prize？,N,,0,28,his,12,2,11,12,5,1,2,464,1562932940910,N,5443,1
214,2,22,target,target_9,C,/+/The famous scientist * who was * awarded an academic prize * expressed * his excitement./,Did the scientist award a prize？,N,,0,28,excitement.,13,2,12,12,5,2,2,1200,1562932942110,N,5443,1
214,2,23,filler,filler_2,,/+/The small town near Taipei was famous for its rich seafood resources./,Was the small town famous?,Y,,0,29,+,1,1,1,1,1,1,1,1175,1562932949230,Y,1188,1
214,2,23,filler,filler_2,,/+/The small town near Taipei was famous for its rich seafood resources./,Was the small town famous?,Y,,0,29,The,2,2,1,12,1,1,12,1184,1562932950414,Y,1188,1
214,2,23,filler,filler_2,,/+/The small town near Taipei was famous for its rich seafood resources./,Was the small town famous?,Y,,0,29,small,3,2,2,12,1,2,12,456,1562932950870,Y,1188,1
214,2,23,filler,filler_2,,/+/The small town near Taipei was famous for its rich seafood resources./,Was the small town famous?,Y,,0,29,town,4,2,3,12,1,3,12,1799,1562932952669,Y,1188,1
214,2,23,filler,filler_2,,/+/The small town near Taipei was famous for its rich seafood resources./,Was the small town famous?,Y,,0,29,near,5,2,4,12,1,4,12,1401,1562932954070,Y,1188,1
214,2,23,filler,filler_2,,/+/The small town near Taipei was famous for its rich seafood resources./,Was the small town famous?,Y,,0,29,Taipei,6,2,5,12,1,5,12,888,1562932954958,Y,1188,1
214,2,23,filler,filler_2,,/+/The small town near Taipei was famous for its rich seafood resources./,Was the small town famous?,Y,,0,29,was,7,2,6,12,1,6,12,456,1562932955414,Y,1188,1
214,2,23,filler,filler_2,,/+/The small town near Taipei was famous for its rich seafood resources./,Was the small town famous?,Y,,0,29,famous,8,2,7,12,1,7,12,592,1562932956006,Y,1188,1
214,2,23,filler,filler_2,,/+/The small town near Taipei was famous for its rich seafood resources./,Was the small town famous?,Y,,0,29,for,9,2,8,12,1,8,12,648,1562932956654,Y,1188,1
214,2,23,filler,filler_2,,/+/The small town near Taipei was famous for its rich seafood resources./,Was the small town famous?,Y,,0,29,its,10,2,9,12,1,9,12,512,1562932957166,Y,1188,1
214,2,23,filler,filler_2,,/+/The small town near Taipei was famous for its rich seafood resources./,Was the small town famous?,Y,,0,29,rich,11,2,10,12,1,10,12,504,1562932957670,Y,1188,1
214,2,23,filler,filler_2,,/+/The small town near Taipei was famous for its rich seafood resources./,Was the small town famous?,Y,,0,29,seafood,12,2,11,12,1,11,12,1087,1562932958757,Y,1188,1
214,2,23,filler,filler_2,,/+/The small town near Taipei was famous for its rich seafood resources./,Was the small town famous?,Y,,0,29,resources.,13,2,12,12,1,12,12,1032,1562932959789,Y,1188,1
214,2,24,filler,filler_30,,/+/The pop star contributed four million to the Hope project yesterday./,Did the pop star donate money yesterday?,Y,,0,30,+,1,1,1,1,1,1,1,3015,1562932964494,Y,2091,1
214,2,24,filler,filler_30,,/+/The pop star contributed four million to the Hope project yesterday./,Did the pop star donate money yesterday?,Y,,0,30,The,2,2,1,11,1,1,11,407,1562932964901,Y,2091,1
214,2,24,filler,filler_30,,/+/The pop star contributed four million to the Hope project yesterday./,Did the pop star donate money yesterday?,Y,,0,30,pop,3,2,2,11,1,2,11,1024,1562932965925,Y,2091,1
214,2,24,filler,filler_30,,/+/The pop star contributed four million to the Hope project yesterday./,Did the pop star donate money yesterday?,Y,,0,30,star,4,2,3,11,1,3,11,2024,1562932967949,Y,2091,1
214,2,24,filler,filler_30,,/+/The pop star contributed four million to the Hope project yesterday./,Did the pop star donate money yesterday?,Y,,0,30,contributed,5,2,4,11,1,4,11,2969,1562932970918,Y,2091,1
214,2,24,filler,filler_30,,/+/The pop star contributed four million to the Hope project yesterday./,Did the pop star donate money yesterday?,Y,,0,30,star,6,2,3,11,1,3,11,481,1562932971399,Y,2091,1
214,2,24,filler,filler_30,,/+/The pop star contributed four million to the Hope project yesterday./,Did the pop star donate money yesterday?,Y,,0,30,contributed,7,2,4,11,1,4,11,2152,1562932973551,Y,2091,1
214,2,24,filler,filler_30,,/+/The pop star contributed four million to the Hope project yesterday./,Did the pop star donate money yesterday?,Y,,0,30,four,8,2,5,11,1,5,11,304,1562932973855,Y,2091,1
214,2,24,filler,filler_30,,/+/The pop star contributed four million to the Hope project yesterday./,Did the pop star donate money yesterday?,Y,,0,30,million,9,2,6,11,1,6,11,480,1562932974335,Y,2091,1
214,2,24,filler,filler_30,,/+/The pop star contributed four million to the Hope project yesterday./,Did the pop star donate money yesterday?,Y,,0,30,to,10,2,7,11,1,7,11,408,1562932974743,Y,2091,1
214,2,24,filler,filler_30,,/+/The pop star contributed four million to the Hope project yesterday./,Did the pop star donate money yesterday?,Y,,0,30,the,11,2,8,11,1,8,11,1416,1562932976159,Y,2091,1
214,2,24,filler,filler_30,,/+/The pop star contributed four million to the Hope project yesterday./,Did the pop star donate money yesterday?,Y,,0,30,Hope,12,2,9,11,1,9,11,448,1562932976607,Y,2091,1
214,2,24,filler,filler_30,,/+/The pop star contributed four million to the Hope project yesterday./,Did the pop star donate money yesterday?,Y,,0,30,project,13,2,10,11,1,10,11,632,1562932977239,Y,2091,1
214,2,24,filler,filler_30,,/+/The pop star contributed four million to the Hope project yesterday./,Did the pop star donate money yesterday?,Y,,0,30,yesterday.,14,2,11,11,1,11,11,903,1562932978142,Y,2091,1
214,2,25,target,target_10,G,/+/The skilled hunters * stopped killing wild animals * ended up * in prison./,Did somebody stop the hunters from killing?,Y,,0,31,+,1,1,1,1,1,1,1,583,1562932981318,Y,2268,1
214,2,25,target,target_10,G,/+/The skilled hunters * stopped killing wild animals * ended up * in prison./,Did somebody stop the hunters from killing?,Y,,0,31,The,2,2,1,11,1,1,3,431,1562932981750,Y,2268,1
214,2,25,target,target_10,G,/+/The skilled hunters * stopped killing wild animals * ended up * in prison./,Did somebody stop the hunters from killing?,Y,,0,31,skilled,3,2,2,11,1,2,3,583,1562932982334,Y,2268,1
214,2,25,target,target_10,G,/+/The skilled hunters * stopped killing wild animals * ended up * in prison./,Did somebody stop the hunters from killing?,Y,,0,31,hunters,4,2,3,11,1,3,3,1159,1562932983494,Y,2268,1
214,2,25,target,target_10,G,/+/The skilled hunters * stopped killing wild animals * ended up * in prison./,Did somebody stop the hunters from killing?,Y,,0,31,stopped,5,2,4,11,2,1,4,655,1562932984150,Y,2268,1
214,2,25,target,target_10,G,/+/The skilled hunters * stopped killing wild animals * ended up * in prison./,Did somebody stop the hunters from killing?,Y,,0,31,killing,6,2,5,11,2,2,4,848,1562932984998,Y,2268,1
214,2,25,target,target_10,G,/+/The skilled hunters * stopped killing wild animals * ended up * in prison./,Did somebody stop the hunters from killing?,Y,,0,31,wild,7,2,6,11,2,3,4,959,1562932985958,Y,2268,1
214,2,25,target,target_10,G,/+/The skilled hunters * stopped killing wild animals * ended up * in prison./,Did somebody stop the hunters from killing?,Y,,0,31,animals,8,2,7,11,2,4,4,552,1562932986510,Y,2268,1
214,2,25,target,target_10,G,/+/The skilled hunters * stopped killing wild animals * ended up * in prison./,Did somebody stop the hunters from killing?,Y,,0,31,ended,9,2,8,11,3,1,2,496,1562932987006,Y,2268,1
214,2,25,target,target_10,G,/+/The skilled hunters * stopped killing wild animals * ended up * in prison./,Did somebody stop the hunters from killing?,Y,,0,31,up,10,2,9,11,3,2,2,703,1562932987710,Y,2268,1
214,2,25,target,target_10,G,/+/The skilled hunters * stopped killing wild animals * ended up * in prison./,Did somebody stop the hunters from killing?,Y,,0,31,in,11,2,10,11,4,1,2,488,1562932988198,Y,2268,1
214,2,25,target,target_10,G,/+/The skilled hunters * stopped killing wild animals * ended up * in prison./,Did somebody stop the hunters from killing?,Y,,0,31,prison.,12,2,11,11,4,2,2,2480,1562932990678,Y,2268,1
214,2,25,target,target_10,G,/+/The skilled hunters * stopped killing wild animals * ended up * in prison./,Did somebody stop the hunters from killing?,Y,,0,31,in,13,2,10,11,4,1,2,499,1562932991178,Y,2268,1
214,2,25,target,target_10,G,/+/The skilled hunters * stopped killing wild animals * ended up * in prison./,Did somebody stop the hunters from killing?,Y,,0,31,up,14,2,9,11,3,2,2,32,1562932991210,Y,2268,1
214,2,25,target,target_10,G,/+/The skilled hunters * stopped killing wild animals * ended up * in prison./,Did somebody stop the hunters from killing?,Y,,0,31,ended,15,2,8,11,3,1,2,33,1562932991243,Y,2268,1
214,2,25,target,target_10,G,/+/The skilled hunters * stopped killing wild animals * ended up * in prison./,Did somebody stop the hunters from killing?,Y,,0,31,animals,16,2,7,11,2,4,4,32,1562932991276,Y,2268,1
214,2,25,target,target_10,G,/+/The skilled hunters * stopped killing wild animals * ended up * in prison./,Did somebody stop the hunters from killing?,Y,,0,31,wild,17,2,6,11,2,3,4,32,1562932991309,Y,2268,1
214,2,25,target,target_10,G,/+/The skilled hunters * stopped killing wild animals * ended up * in prison./,Did somebody stop the hunters from killing?,Y,,0,31,killing,18,2,5,11,2,2,4,32,1562932991342,Y,2268,1
214,2,25,target,target_10,G,/+/The skilled hunters * stopped killing wild animals * ended up * in prison./,Did somebody stop the hunters from killing?,Y,,0,31,stopped,19,2,4,11,2,1,4,34,1562932991376,Y,2268,1
214,2,25,target,target_10,G,/+/The skilled hunters * stopped killing wild animals * ended up * in prison./,Did somebody stop the hunters from killing?,Y,,0,31,hunters,20,2,3,11,1,3,3,33,1562932991409,Y,2268,1
214,2,25,target,target_10,G,/+/The skilled hunters * stopped killing wild animals * ended up * in prison./,Did somebody stop the hunters from killing?,Y,,0,31,skilled,21,2,2,11,1,2,3,533,1562932991942,Y,2268,1
214,2,25,target,target_10,G,/+/The skilled hunters * stopped killing wild animals * ended up * in prison./,Did somebody stop the hunters from killing?,Y,,0,31,hunters,22,2,3,11,1,3,3,736,1562932992678,Y,2268,1
214,2,25,target,target_10,G,/+/The skilled hunters * stopped killing wild animals * ended up * in prison./,Did somebody stop the hunters from killing?,Y,,0,31,stopped,23,2,4,11,2,1,4,360,1562932993038,Y,2268,1
214,2,25,target,target_10,G,/+/The skilled hunters * stopped killing wild animals * ended up * in prison./,Did somebody stop the hunters from killing?,Y,,0,31,killing,24,2,5,11,2,2,4,1160,1562932994198,Y,2268,1
214,2,25,target,target_10,G,/+/The skilled hunters * stopped killing wild animals * ended up * in prison./,Did somebody stop the hunters from killing?,Y,,0,31,wild,25,2,6,11,2,3,4,720,1562932994918,Y,2268,1
214,2,25,target,target_10,G,/+/The skilled hunters * stopped killing wild animals * ended up * in prison./,Did somebody stop the hunters from killing?,Y,,0,31,animals,26,2,7,11,2,4,4,408,1562932995326,Y,2268,1
214,2,25,target,target_10,G,/+/The skilled hunters * stopped killing wild animals * ended up * in prison./,Did somebody stop the hunters from killing?,Y,,0,31,ended,27,2,8,11,3,1,2,2240,1562932997566,Y,2268,1
214,2,25,target,target_10,G,/+/The skilled hunters * stopped killing wild animals * ended up * in prison./,Did somebody stop the hunters from killing?,Y,,0,31,up,28,2,9,11,3,2,2,896,1562932998462,Y,2268,1
214,2,25,target,target_10,G,/+/The skilled hunters * stopped killing wild animals * ended up * in prison./,Did somebody stop the hunters from killing?,Y,,0,31,in,29,2,10,11,4,1,2,1440,1562932999902,Y,2268,1
214,2,25,target,target_10,G,/+/The skilled hunters * stopped killing wild animals * ended up * in prison./,Did somebody stop the hunters from killing?,Y,,0,31,up,30,2,9,11,3,2,2,499,1562933000401,Y,2268,1
214,2,25,target,target_10,G,/+/The skilled hunters * stopped killing wild animals * ended up * in prison./,Did somebody stop the hunters from killing?,Y,,0,31,ended,31,2,8,11,3,1,2,33,1562933000434,Y,2268,1
214,2,25,target,target_10,G,/+/The skilled hunters * stopped killing wild animals * ended up * in prison./,Did somebody stop the hunters from killing?,Y,,0,31,animals,32,2,7,11,2,4,4,33,1562933000467,Y,2268,1
214,2,25,target,target_10,G,/+/The skilled hunters * stopped killing wild animals * ended up * in prison./,Did somebody stop the hunters from killing?,Y,,0,31,wild,33,2,6,11,2,3,4,32,1562933000500,Y,2268,1
214,2,25,target,target_10,G,/+/The skilled hunters * stopped killing wild animals * ended up * in prison./,Did somebody stop the hunters from killing?,Y,,0,31,killing,34,2,5,11,2,2,4,32,1562933000533,Y,2268,1
214,2,25,target,target_10,G,/+/The skilled hunters * stopped killing wild animals * ended up * in prison./,Did somebody stop the hunters from killing?,Y,,0,31,stopped,35,2,4,11,2,1,4,32,1562933000566,Y,2268,1
214,2,25,target,target_10,G,/+/The skilled hunters * stopped killing wild animals * ended up * in prison./,Did somebody stop the hunters from killing?,Y,,0,31,hunters,36,2,3,11,1,3,3,32,1562933000599,Y,2268,1
214,2,25,target,target_10,G,/+/The skilled hunters * stopped killing wild animals * ended up * in prison./,Did somebody stop the hunters from killing?,Y,,0,31,skilled,37,2,2,11,1,2,3,32,1562933000632,Y,2268,1
214,2,25,target,target_10,G,/+/The skilled hunters * stopped killing wild animals * ended up * in prison./,Did somebody stop the hunters from killing?,Y,,0,31,The,38,2,1,11,1,1,3,557,1562933001190,Y,2268,1
214,2,25,target,target_10,G,/+/The skilled hunters * stopped killing wild animals * ended up * in prison./,Did somebody stop the hunters from killing?,Y,,0,31,skilled,39,2,2,11,1,2,3,712,1562933001902,Y,2268,1
214,2,25,target,target_10,G,/+/The skilled hunters * stopped killing wild animals * ended up * in prison./,Did somebody stop the hunters from killing?,Y,,0,31,hunters,40,2,3,11,1,3,3,503,1562933002405,Y,2268,1
214,2,25,target,target_10,G,/+/The skilled hunters * stopped killing wild animals * ended up * in prison./,Did somebody stop the hunters from killing?,Y,,0,31,stopped,41,2,4,11,2,1,4,1016,1562933003421,Y,2268,1
214,2,25,target,target_10,G,/+/The skilled hunters * stopped killing wild animals * ended up * in prison./,Did somebody stop the hunters from killing?,Y,,0,31,killing,42,2,5,11,2,2,4,1513,1562933004934,Y,2268,1
214,2,25,target,target_10,G,/+/The skilled hunters * stopped killing wild animals * ended up * in prison./,Did somebody stop the hunters from killing?,Y,,0,31,wild,43,2,6,11,2,3,4,704,1562933005638,Y,2268,1
214,2,25,target,target_10,G,/+/The skilled hunters * stopped killing wild animals * ended up * in prison./,Did somebody stop the hunters from killing?,Y,,0,31,animals,44,2,7,11,2,4,4,568,1562933006206,Y,2268,1
214,2,25,target,target_10,G,/+/The skilled hunters * stopped killing wild animals * ended up * in prison./,Did somebody stop the hunters from killing?,Y,,0,31,ended,45,2,8,11,3,1,2,768,1562933006974,Y,2268,1
214,2,25,target,target_10,G,/+/The skilled hunters * stopped killing wild animals * ended up * in prison./,Did somebody stop the hunters from killing?,Y,,0,31,up,46,2,9,11,3,2,2,2376,1562933009350,Y,2268,1
214,2,25,target,target_10,G,/+/The skilled hunters * stopped killing wild animals * ended up * in prison./,Did somebody stop the hunters from killing?,Y,,0,31,ended,47,2,8,11,3,1,2,500,1562933009850,Y,2268,1
214,2,25,target,target_10,G,/+/The skilled hunters * stopped killing wild animals * ended up * in prison./,Did somebody stop the hunters from killing?,Y,,0,31,animals,48,2,7,11,2,4,4,33,1562933009883,Y,2268,1
214,2,25,target,target_10,G,/+/The skilled hunters * stopped killing wild animals * ended up * in prison./,Did somebody stop the hunters from killing?,Y,,0,31,wild,49,2,6,11,2,3,4,33,1562933009916,Y,2268,1
214,2,25,target,target_10,G,/+/The skilled hunters * stopped killing wild animals * ended up * in prison./,Did somebody stop the hunters from killing?,Y,,0,31,killing,50,2,5,11,2,2,4,33,1562933009949,Y,2268,1
214,2,25,target,target_10,G,/+/The skilled hunters * stopped killing wild animals * ended up * in prison./,Did somebody stop the hunters from killing?,Y,,0,31,stopped,51,2,4,11,2,1,4,33,1562933009982,Y,2268,1
214,2,25,target,target_10,G,/+/The skilled hunters * stopped killing wild animals * ended up * in prison./,Did somebody stop the hunters from killing?,Y,,0,31,hunters,52,2,3,11,1,3,3,920,1562933010902,Y,2268,1
214,2,25,target,target_10,G,/+/The skilled hunters * stopped killing wild animals * ended up * in prison./,Did somebody stop the hunters from killing?,Y,,0,31,skilled,53,2,2,11,1,2,3,816,1562933011718,Y,2268,1
214,2,25,target,target_10,G,/+/The skilled hunters * stopped killing wild animals * ended up * in prison./,Did somebody stop the hunters from killing?,Y,,0,31,The,54,2,1,11,1,1,3,376,1562933012094,Y,2268,1
214,2,25,target,target_10,G,/+/The skilled hunters * stopped killing wild animals * ended up * in prison./,Did somebody stop the hunters from killing?,Y,,0,31,skilled,55,2,2,11,1,2,3,208,1562933012302,Y,2268,1
214,2,25,target,target_10,G,/+/The skilled hunters * stopped killing wild animals * ended up * in prison./,Did somebody stop the hunters from killing?,Y,,0,31,hunters,56,2,3,11,1,3,3,279,1562933012581,Y,2268,1
214,2,25,target,target_10,G,/+/The skilled hunters * stopped killing wild animals * ended up * in prison./,Did somebody stop the hunters from killing?,Y,,0,31,stopped,57,2,4,11,2,1,4,1321,1562933013902,Y,2268,1
214,2,25,target,target_10,G,/+/The skilled hunters * stopped killing wild animals * ended up * in prison./,Did somebody stop the hunters from killing?,Y,,0,31,killing,58,2,5,11,2,2,4,464,1562933014366,Y,2268,1
214,2,25,target,target_10,G,/+/The skilled hunters * stopped killing wild animals * ended up * in prison./,Did somebody stop the hunters from killing?,Y,,0,31,wild,59,2,6,11,2,3,4,384,1562933014750,Y,2268,1
214,2,25,target,target_10,G,/+/The skilled hunters * stopped killing wild animals * ended up * in prison./,Did somebody stop the hunters from killing?,Y,,0,31,animals,60,2,7,11,2,4,4,520,1562933015270,Y,2268,1
214,2,25,target,target_10,G,/+/The skilled hunters * stopped killing wild animals * ended up * in prison./,Did somebody stop the hunters from killing?,Y,,0,31,ended,61,2,8,11,3,1,2,416,1562933015686,Y,2268,1
214,2,25,target,target_10,G,/+/The skilled hunters * stopped killing wild animals * ended up * in prison./,Did somebody stop the hunters from killing?,Y,,0,31,up,62,2,9,11,3,2,2,376,1562933016062,Y,2268,1
214,2,25,target,target_10,G,/+/The skilled hunters * stopped killing wild animals * ended up * in prison./,Did somebody stop the hunters from killing?,Y,,0,31,in,63,2,10,11,4,1,2,448,1562933016510,Y,2268,1
214,2,25,target,target_10,G,/+/The skilled hunters * stopped killing wild animals * ended up * in prison./,Did somebody stop the hunters from killing?,Y,,0,31,prison.,64,2,11,11,4,2,2,640,1562933017150,Y,2268,1
214,2,26,filler,filler_21,,/+/The employees were willing to work in a nice environment./,Did the employees want to work in a poor environment?,N,,0,32,+,1,1,1,1,1,1,1,583,1562933020502,N,1850,1
214,2,26,filler,filler_21,,/+/The employees were willing to work in a nice environment./,Did the employees want to work in a poor environment?,N,,0,32,The,2,2,1,10,1,1,10,504,1562933021006,N,1850,1
214,2,26,filler,filler_21,,/+/The employees were willing to work in a nice environment./,Did the employees want to work in a poor environment?,N,,0,32,employees,3,2,2,10,1,2,10,864,1562933021870,N,1850,1
214,2,26,filler,filler_21,,/+/The employees were willing to work in a nice environment./,Did the employees want to work in a poor environment?,N,,0,32,were,4,2,3,10,1,3,10,576,1562933022446,N,1850,1
214,2,26,filler,filler_21,,/+/The employees were willing to work in a nice environment./,Did the employees want to work in a poor environment?,N,,0,32,willing,5,2,4,10,1,4,10,680,1562933023126,N,1850,1
214,2,26,filler,filler_21,,/+/The employees were willing to work in a nice environment./,Did the employees want to work in a poor environment?,N,,0,32,to,6,2,5,10,1,5,10,744,1562933023870,N,1850,1
214,2,26,filler,filler_21,,/+/The employees were willing to work in a nice environment./,Did the employees want to work in a poor environment?,N,,0,32,work,7,2,6,10,1,6,10,1743,1562933025613,N,1850,1
214,2,26,filler,filler_21,,/+/The employees were willing to work in a nice environment./,Did the employees want to work in a poor environment?,N,,0,32,in,8,2,7,10,1,7,10,495,1562933026109,N,1850,1
214,2,26,filler,filler_21,,/+/The employees were willing to work in a nice environment./,Did the employees want to work in a poor environment?,N,,0,32,a,9,2,8,10,1,8,10,383,1562933026493,N,1850,1
214,2,26,filler,filler_21,,/+/The employees were willing to work in a nice environment./,Did the employees want to work in a poor environment?,N,,0,32,nice,10,2,9,10,1,9,10,311,1562933026805,N,1850,1
214,2,26,filler,filler_21,,/+/The employees were willing to work in a nice environment./,Did the employees want to work in a poor environment?,N,,0,32,environment.,11,2,10,10,1,10,10,1208,1562933028013,N,1850,1
214,2,27,filler,filler_20,,/+/The woman's pretty dress was burned by those naughty boys./,Was the dress burned by the boys?,Y,,0,33,+,1,1,1,1,1,1,1,487,1562933030854,Y,2708,1
214,2,27,filler,filler_20,,/+/The woman's pretty dress was burned by those naughty boys./,Was the dress burned by the boys?,Y,,0,33,The,2,2,1,10,1,1,10,400,1562933031254,Y,2708,1
214,2,27,filler,filler_20,,/+/The woman's pretty dress was burned by those naughty boys./,Was the dress burned by the boys?,Y,,0,33,woman's,3,2,2,10,1,2,10,439,1562933031694,Y,2708,1
214,2,27,filler,filler_20,,/+/The woman's pretty dress was burned by those naughty boys./,Was the dress burned by the boys?,Y,,0,33,pretty,4,2,3,10,1,3,10,456,1562933032150,Y,2708,1
214,2,27,filler,filler_20,,/+/The woman's pretty dress was burned by those naughty boys./,Was the dress burned by the boys?,Y,,0,33,dress,5,2,4,10,1,4,10,656,1562933032806,Y,2708,1
214,2,27,filler,filler_20,,/+/The woman's pretty dress was burned by those naughty boys./,Was the dress burned by the boys?,Y,,0,33,was,6,2,5,10,1,5,10,488,1562933033294,Y,2708,1
214,2,27,filler,filler_20,,/+/The woman's pretty dress was burned by those naughty boys./,Was the dress burned by the boys?,Y,,0,33,burned,7,2,6,10,1,6,10,904,1562933034198,Y,2708,1
214,2,27,filler,filler_20,,/+/The woman's pretty dress was burned by those naughty boys./,Was the dress burned by the boys?,Y,,0,33,by,8,2,7,10,1,7,10,728,1562933034926,Y,2708,1
214,2,27,filler,filler_20,,/+/The woman's pretty dress was burned by those naughty boys./,Was the dress burned by the boys?,Y,,0,33,those,9,2,8,10,1,8,10,448,1562933035374,Y,2708,1
214,2,27,filler,filler_20,,/+/The woman's pretty dress was burned by those naughty boys./,Was the dress burned by the boys?,Y,,0,33,naughty,10,2,9,10,1,9,10,808,1562933036182,Y,2708,1
214,2,27,filler,filler_20,,/+/The woman's pretty dress was burned by those naughty boys./,Was the dress burned by the boys?,Y,,0,33,boys.,11,2,10,10,1,10,10,719,1562933036901,Y,2708,1
214,2,28,filler,filler_36,,/+/The biology expert argued that wild animals should be protected now./,Did the biology expert argue to pretect wild animals?,Y,,0,34,+,1,1,1,1,1,1,1,463,1562933040574,Y,3676,1
214,2,28,filler,filler_36,,/+/The biology expert argued that wild animals should be protected now./,Did the biology expert argue to pretect wild animals?,Y,,0,34,The,2,2,1,11,1,1,11,712,1562933041286,Y,3676,1
214,2,28,filler,filler_36,,/+/The biology expert argued that wild animals should be protected now./,Did the biology expert argue to pretect wild animals?,Y,,0,34,biology,3,2,2,11,1,2,11,520,1562933041806,Y,3676,1
214,2,28,filler,filler_36,,/+/The biology expert argued that wild animals should be protected now./,Did the biology expert argue to pretect wild animals?,Y,,0,34,expert,4,2,3,11,1,3,11,440,1562933042246,Y,3676,1
214,2,28,filler,filler_36,,/+/The biology expert argued that wild animals should be protected now./,Did the biology expert argue to pretect wild animals?,Y,,0,34,argued,5,2,4,11,1,4,11,760,1562933043006,Y,3676,1
214,2,28,filler,filler_36,,/+/The biology expert argued that wild animals should be protected now./,Did the biology expert argue to pretect wild animals?,Y,,0,34,that,6,2,5,11,1,5,11,496,1562933043502,Y,3676,1
214,2,28,filler,filler_36,,/+/The biology expert argued that wild animals should be protected now./,Did the biology expert argue to pretect wild animals?,Y,,0,34,wild,7,2,6,11,1,6,11,1208,1562933044710,Y,3676,1
214,2,28,filler,filler_36,,/+/The biology expert argued that wild animals should be protected now./,Did the biology expert argue to pretect wild animals?,Y,,0,34,animals,8,2,7,11,1,7,11,584,1562933045294,Y,3676,1
214,2,28,filler,filler_36,,/+/The biology expert argued that wild animals should be protected now./,Did the biology expert argue to pretect wild animals?,Y,,0,34,should,9,2,8,11,1,8,11,1192,1562933046486,Y,3676,1
214,2,28,filler,filler_36,,/+/The biology expert argued that wild animals should be protected now./,Did the biology expert argue to pretect wild animals?,Y,,0,34,animals,10,2,7,11,1,7,11,424,1562933046910,Y,3676,1
214,2,28,filler,filler_36,,/+/The biology expert argued that wild animals should be protected now./,Did the biology expert argue to pretect wild animals?,Y,,0,34,should,11,2,8,11,1,8,11,280,1562933047190,Y,3676,1
214,2,28,filler,filler_36,,/+/The biology expert argued that wild animals should be protected now./,Did the biology expert argue to pretect wild animals?,Y,,0,34,be,12,2,9,11,1,9,11,408,1562933047598,Y,3676,1
214,2,28,filler,filler_36,,/+/The biology expert argued that wild animals should be protected now./,Did the biology expert argue to pretect wild animals?,Y,,0,34,protected,13,2,10,11,1,10,11,752,1562933048350,Y,3676,1
214,2,28,filler,filler_36,,/+/The biology expert argued that wild animals should be protected now./,Did the biology expert argue to pretect wild animals?,Y,,0,34,now.,14,2,11,11,1,11,11,1240,1562933049590,Y,3676,1
214,2,29,target,target_18,G,/+/The young repairman * paid for the bill * said * thanks to the hostess./,Did the repairman pay for the bill?,N,,0,35,+,1,1,1,1,1,1,1,687,1562933054454,Y,1699,0
214,2,29,target,target_18,G,/+/The young repairman * paid for the bill * said * thanks to the hostess./,Did the repairman pay for the bill?,N,,0,35,The,2,2,1,12,1,1,3,687,1562933055141,Y,1699,0
214,2,29,target,target_18,G,/+/The young repairman * paid for the bill * said * thanks to the hostess./,Did the repairman pay for the bill?,N,,0,35,young,3,2,2,12,1,2,3,1024,1562933056165,Y,1699,0
214,2,29,target,target_18,G,/+/The young repairman * paid for the bill * said * thanks to the hostess./,Did the repairman pay for the bill?,N,,0,35,repairman,4,2,3,12,1,3,3,489,1562933056654,Y,1699,0
214,2,29,target,target_18,G,/+/The young repairman * paid for the bill * said * thanks to the hostess./,Did the repairman pay for the bill?,N,,0,35,paid,5,2,4,12,2,1,4,1656,1562933058310,Y,1699,0
214,2,29,target,target_18,G,/+/The young repairman * paid for the bill * said * thanks to the hostess./,Did the repairman pay for the bill?,N,,0,35,for,6,2,5,12,2,2,4,712,1562933059022,Y,1699,0
214,2,29,target,target_18,G,/+/The young repairman * paid for the bill * said * thanks to the hostess./,Did the repairman pay for the bill?,N,,0,35,the,7,2,6,12,2,3,4,1400,1562933060422,Y,1699,0
214,2,29,target,target_18,G,/+/The young repairman * paid for the bill * said * thanks to the hostess./,Did the repairman pay for the bill?,N,,0,35,bill,8,2,7,12,2,4,4,464,1562933060886,Y,1699,0
214,2,29,target,target_18,G,/+/The young repairman * paid for the bill * said * thanks to the hostess./,Did the repairman pay for the bill?,N,,0,35,said,9,2,8,12,3,1,1,584,1562933061470,Y,1699,0
214,2,29,target,target_18,G,/+/The young repairman * paid for the bill * said * thanks to the hostess./,Did the repairman pay for the bill?,N,,0,35,thanks,10,2,9,12,4,1,4,2224,1562933063694,Y,1699,0
214,2,29,target,target_18,G,/+/The young repairman * paid for the bill * said * thanks to the hostess./,Did the repairman pay for the bill?,N,,0,35,said,11,2,8,12,3,1,1,256,1562933063950,Y,1699,0
214,2,29,target,target_18,G,/+/The young repairman * paid for the bill * said * thanks to the hostess./,Did the repairman pay for the bill?,N,,0,35,bill,12,2,7,12,2,4,4,343,1562933064293,Y,1699,0
214,2,29,target,target_18,G,/+/The young repairman * paid for the bill * said * thanks to the hostess./,Did the repairman pay for the bill?,N,,0,35,the,13,2,6,12,2,3,4,329,1562933064622,Y,1699,0
214,2,29,target,target_18,G,/+/The young repairman * paid for the bill * said * thanks to the hostess./,Did the repairman pay for the bill?,N,,0,35,for,14,2,5,12,2,2,4,432,1562933065054,Y,1699,0
214,2,29,target,target_18,G,/+/The young repairman * paid for the bill * said * thanks to the hostess./,Did the repairman pay for the bill?,N,,0,35,paid,15,2,4,12,2,1,4,648,1562933065702,Y,1699,0
214,2,29,target,target_18,G,/+/The young repairman * paid for the bill * said * thanks to the hostess./,Did the repairman pay for the bill?,N,,0,35,repairman,16,2,3,12,1,3,3,655,1562933066357,Y,1699,0
214,2,29,target,target_18,G,/+/The young repairman * paid for the bill * said * thanks to the hostess./,Did the repairman pay for the bill?,N,,0,35,paid,17,2,4,12,2,1,4,360,1562933066717,Y,1699,0
214,2,29,target,target_18,G,/+/The young repairman * paid for the bill * said * thanks to the hostess./,Did the repairman pay for the bill?,N,,0,35,for,18,2,5,12,2,2,4,352,1562933067070,Y,1699,0
214,2,29,target,target_18,G,/+/The young repairman * paid for the bill * said * thanks to the hostess./,Did the repairman pay for the bill?,N,,0,35,the,19,2,6,12,2,3,4,327,1562933067397,Y,1699,0
214,2,29,target,target_18,G,/+/The young repairman * paid for the bill * said * thanks to the hostess./,Did the repairman pay for the bill?,N,,0,35,bill,20,2,7,12,2,4,4,376,1562933067773,Y,1699,0
214,2,29,target,target_18,G,/+/The young repairman * paid for the bill * said * thanks to the hostess./,Did the repairman pay for the bill?,N,,0,35,said,21,2,8,12,3,1,1,400,1562933068174,Y,1699,0
214,2,29,target,target_18,G,/+/The young repairman * paid for the bill * said * thanks to the hostess./,Did the repairman pay for the bill?,N,,0,35,thanks,22,2,9,12,4,1,4,1167,1562933069341,Y,1699,0
214,2,29,target,target_18,G,/+/The young repairman * paid for the bill * said * thanks to the hostess./,Did the repairman pay for the bill?,N,,0,35,said,23,2,8,12,3,1,1,960,1562933070301,Y,1699,0
214,2,29,target,target_18,G,/+/The young repairman * paid for the bill * said * thanks to the hostess./,Did the repairman pay for the bill?,N,,0,35,thanks,24,2,9,12,4,1,4,504,1562933070805,Y,1699,0
214,2,29,target,target_18,G,/+/The young repairman * paid for the bill * said * thanks to the hostess./,Did the repairman pay for the bill?,N,,0,35,to,25,2,10,12,4,2,4,487,1562933071293,Y,1699,0
214,2,29,target,target_18,G,/+/The young repairman * paid for the bill * said * thanks to the hostess./,Did the repairman pay for the bill?,N,,0,35,the,26,2,11,12,4,3,4,472,1562933071765,Y,1699,0
214,2,29,target,target_18,G,/+/The young repairman * paid for the bill * said * thanks to the hostess./,Did the repairman pay for the bill?,N,,0,35,hostess.,27,2,12,12,4,4,4,1295,1562933073061,Y,1699,0
214,2,29,target,target_18,G,/+/The young repairman * paid for the bill * said * thanks to the hostess./,Did the repairman pay for the bill?,N,,0,35,the,28,2,11,12,4,3,4,499,1562933073561,Y,1699,0
214,2,29,target,target_18,G,/+/The young repairman * paid for the bill * said * thanks to the hostess./,Did the repairman pay for the bill?,N,,0,35,to,29,2,10,12,4,2,4,33,1562933073594,Y,1699,0
214,2,29,target,target_18,G,/+/The young repairman * paid for the bill * said * thanks to the hostess./,Did the repairman pay for the bill?,N,,0,35,thanks,30,2,9,12,4,1,4,33,1562933073627,Y,1699,0
214,2,29,target,target_18,G,/+/The young repairman * paid for the bill * said * thanks to the hostess./,Did the repairman pay for the bill?,N,,0,35,said,31,2,8,12,3,1,1,33,1562933073660,Y,1699,0
214,2,29,target,target_18,G,/+/The young repairman * paid for the bill * said * thanks to the hostess./,Did the repairman pay for the bill?,N,,0,35,bill,32,2,7,12,2,4,4,33,1562933073693,Y,1699,0
214,2,29,target,target_18,G,/+/The young repairman * paid for the bill * said * thanks to the hostess./,Did the repairman pay for the bill?,N,,0,35,the,33,2,6,12,2,3,4,33,1562933073726,Y,1699,0
214,2,29,target,target_18,G,/+/The young repairman * paid for the bill * said * thanks to the hostess./,Did the repairman pay for the bill?,N,,0,35,for,34,2,5,12,2,2,4,33,1562933073759,Y,1699,0
214,2,29,target,target_18,G,/+/The young repairman * paid for the bill * said * thanks to the hostess./,Did the repairman pay for the bill?,N,,0,35,paid,35,2,4,12,2,1,4,33,1562933073792,Y,1699,0
214,2,29,target,target_18,G,/+/The young repairman * paid for the bill * said * thanks to the hostess./,Did the repairman pay for the bill?,N,,0,35,repairman,36,2,3,12,1,3,3,33,1562933073825,Y,1699,0
214,2,29,target,target_18,G,/+/The young repairman * paid for the bill * said * thanks to the hostess./,Did the repairman pay for the bill?,N,,0,35,young,37,2,2,12,1,2,3,33,1562933073858,Y,1699,0
214,2,29,target,target_18,G,/+/The young repairman * paid for the bill * said * thanks to the hostess./,Did the repairman pay for the bill?,N,,0,35,The,38,2,1,12,1,1,3,587,1562933074445,Y,1699,0
214,2,29,target,target_18,G,/+/The young repairman * paid for the bill * said * thanks to the hostess./,Did the repairman pay for the bill?,N,,0,35,young,39,2,2,12,1,2,3,416,1562933074861,Y,1699,0
214,2,29,target,target_18,G,/+/The young repairman * paid for the bill * said * thanks to the hostess./,Did the repairman pay for the bill?,N,,0,35,repairman,40,2,3,12,1,3,3,600,1562933075461,Y,1699,0
214,2,29,target,target_18,G,/+/The young repairman * paid for the bill * said * thanks to the hostess./,Did the repairman pay for the bill?,N,,0,35,paid,41,2,4,12,2,1,4,864,1562933076325,Y,1699,0
214,2,29,target,target_18,G,/+/The young repairman * paid for the bill * said * thanks to the hostess./,Did the repairman pay for the bill?,N,,0,35,for,42,2,5,12,2,2,4,576,1562933076901,Y,1699,0
214,2,29,target,target_18,G,/+/The young repairman * paid for the bill * said * thanks to the hostess./,Did the repairman pay for the bill?,N,,0,35,the,43,2,6,12,2,3,4,448,1562933077349,Y,1699,0
214,2,29,target,target_18,G,/+/The young repairman * paid for the bill * said * thanks to the hostess./,Did the repairman pay for the bill?,N,,0,35,bill,44,2,7,12,2,4,4,1616,1562933078965,Y,1699,0
214,2,29,target,target_18,G,/+/The young repairman * paid for the bill * said * thanks to the hostess./,Did the repairman pay for the bill?,N,,0,35,said,45,2,8,12,3,1,1,500,1562933079465,Y,1699,0
214,2,29,target,target_18,G,/+/The young repairman * paid for the bill * said * thanks to the hostess./,Did the repairman pay for the bill?,N,,0,35,thanks,46,2,9,12,4,1,4,32,1562933079497,Y,1699,0
214,2,29,target,target_18,G,/+/The young repairman * paid for the bill * said * thanks to the hostess./,Did the repairman pay for the bill?,N,,0,35,to,47,2,10,12,4,2,4,33,1562933079530,Y,1699,0
214,2,29,target,target_18,G,/+/The young repairman * paid for the bill * said * thanks to the hostess./,Did the repairman pay for the bill?,N,,0,35,the,48,2,11,12,4,3,4,475,1562933080005,Y,1699,0
214,2,29,target,target_18,G,/+/The young repairman * paid for the bill * said * thanks to the hostess./,Did the repairman pay for the bill?,N,,0,35,hostess.,49,2,12,12,4,4,4,896,1562933080901,Y,1699,0
214,2,30,filler,filler_33,,/+/The old fireman did not believe that his wife was capable of making decisions./,Did the fireman believe his wife in making decisions?,N,,0,36,+,1,1,1,1,1,1,1,494,1562933083596,N,2020,1
214,2,30,filler,filler_33,,/+/The old fireman did not believe that his wife was capable of making decisions./,Did the fireman believe his wife in making decisions?,N,,0,36,The,2,2,1,14,1,1,14,512,1562933084109,N,2020,1
214,2,30,filler,filler_33,,/+/The old fireman did not believe that his wife was capable of making decisions./,Did the fireman believe his wife in making decisions?,N,,0,36,old,3,2,2,14,1,2,14,864,1562933084973,N,2020,1
214,2,30,filler,filler_33,,/+/The old fireman did not believe that his wife was capable of making decisions./,Did the fireman believe his wife in making decisions?,N,,0,36,fireman,4,2,3,14,1,3,14,968,1562933085941,N,2020,1
214,2,30,filler,filler_33,,/+/The old fireman did not believe that his wife was capable of making decisions./,Did the fireman believe his wife in making decisions?,N,,0,36,did,5,2,4,14,1,4,14,583,1562933086524,N,2020,1
214,2,30,filler,filler_33,,/+/The old fireman did not believe that his wife was capable of making decisions./,Did the fireman believe his wife in making decisions?,N,,0,36,not,6,2,5,14,1,5,14,904,1562933087429,N,2020,1
214,2,30,filler,filler_33,,/+/The old fireman did not believe that his wife was capable of making decisions./,Did the fireman believe his wife in making decisions?,N,,0,36,believe,7,2,6,14,1,6,14,392,1562933087821,N,2020,1
214,2,30,filler,filler_33,,/+/The old fireman did not believe that his wife was capable of making decisions./,Did the fireman believe his wife in making decisions?,N,,0,36,that,8,2,7,14,1,7,14,458,1562933088279,N,2020,1
214,2,30,filler,filler_33,,/+/The old fireman did not believe that his wife was capable of making decisions./,Did the fireman believe his wife in making decisions?,N,,0,36,his,9,2,8,14,1,8,14,464,1562933088743,N,2020,1
214,2,30,filler,filler_33,,/+/The old fireman did not believe that his wife was capable of making decisions./,Did the fireman believe his wife in making decisions?,N,,0,36,wife,10,2,9,14,1,9,14,1416,1562933090159,N,2020,1
214,2,30,filler,filler_33,,/+/The old fireman did not believe that his wife was capable of making decisions./,Did the fireman believe his wife in making decisions?,N,,0,36,was,11,2,10,14,1,10,14,495,1562933090654,N,2020,1
214,2,30,filler,filler_33,,/+/The old fireman did not believe that his wife was capable of making decisions./,Did the fireman believe his wife in making decisions?,N,,0,36,capable,12,2,11,14,1,11,14,1881,1562933092535,N,2020,1
214,2,30,filler,filler_33,,/+/The old fireman did not believe that his wife was capable of making decisions./,Did the fireman believe his wife in making decisions?,N,,0,36,of,13,2,12,14,1,12,14,488,1562933093023,N,2020,1
214,2,30,filler,filler_33,,/+/The old fireman did not believe that his wife was capable of making decisions./,Did the fireman believe his wife in making decisions?,N,,0,36,making,14,2,13,14,1,13,14,512,1562933093535,N,2020,1
214,2,30,filler,filler_33,,/+/The old fireman did not believe that his wife was capable of making decisions./,Did the fireman believe his wife in making decisions?,N,,0,36,decisions.,15,2,14,14,1,14,14,1103,1562933094638,N,2020,1
214,2,31,target,target_12,C,/+/The new manager * who was * promised a better office * worked * much harder./,Did someone promise the manager an office?,Y,,0,37,+,1,1,1,1,1,1,1,487,1562933097647,Y,2211,1
214,2,31,target,target_12,C,/+/The new manager * who was * promised a better office * worked * much harder./,Did someone promise the manager an office?,Y,,0,37,The,2,2,1,12,1,1,3,344,1562933097991,Y,2211,1
214,2,31,target,target_12,C,/+/The new manager * who was * promised a better office * worked * much harder./,Did someone promise the manager an office?,Y,,0,37,new,3,2,2,12,1,2,3,343,1562933098334,Y,2211,1
214,2,31,target,target_12,C,/+/The new manager * who was * promised a better office * worked * much harder./,Did someone promise the manager an office?,Y,,0,37,manager,4,2,3,12,1,3,3,560,1562933098895,Y,2211,1
214,2,31,target,target_12,C,/+/The new manager * who was * promised a better office * worked * much harder./,Did someone promise the manager an office?,Y,,0,37,who,5,2,4,12,2,1,2,351,1562933099246,Y,2211,1
214,2,31,target,target_12,C,/+/The new manager * who was * promised a better office * worked * much harder./,Did someone promise the manager an office?,Y,,0,37,was,6,2,5,12,2,2,2,928,1562933100175,Y,2211,1
214,2,31,target,target_12,C,/+/The new manager * who was * promised a better office * worked * much harder./,Did someone promise the manager an office?,Y,,0,37,promised,7,2,6,12,3,1,4,1735,1562933101910,Y,2211,1
214,2,31,target,target_12,C,/+/The new manager * who was * promised a better office * worked * much harder./,Did someone promise the manager an office?,Y,,0,37,a,8,2,7,12,3,2,4,1071,1562933102982,Y,2211,1
214,2,31,target,target_12,C,/+/The new manager * who was * promised a better office * worked * much harder./,Did someone promise the manager an office?,Y,,0,37,better,9,2,8,12,3,3,4,871,1562933103854,Y,2211,1
214,2,31,target,target_12,C,/+/The new manager * who was * promised a better office * worked * much harder./,Did someone promise the manager an office?,Y,,0,37,a,10,2,7,12,3,2,4,500,1562933104354,Y,2211,1
214,2,31,target,target_12,C,/+/The new manager * who was * promised a better office * worked * much harder./,Did someone promise the manager an office?,Y,,0,37,promised,11,2,6,12,3,1,4,33,1562933104387,Y,2211,1
214,2,31,target,target_12,C,/+/The new manager * who was * promised a better office * worked * much harder./,Did someone promise the manager an office?,Y,,0,37,was,12,2,5,12,2,2,2,33,1562933104420,Y,2211,1
214,2,31,target,target_12,C,/+/The new manager * who was * promised a better office * worked * much harder./,Did someone promise the manager an office?,Y,,0,37,who,13,2,4,12,2,1,2,33,1562933104453,Y,2211,1
214,2,31,target,target_12,C,/+/The new manager * who was * promised a better office * worked * much harder./,Did someone promise the manager an office?,Y,,0,37,manager,14,2,3,12,1,3,3,33,1562933104486,Y,2211,1
214,2,31,target,target_12,C,/+/The new manager * who was * promised a better office * worked * much harder./,Did someone promise the manager an office?,Y,,0,37,new,15,2,2,12,1,2,3,33,1562933104519,Y,2211,1
214,2,31,target,target_12,C,/+/The new manager * who was * promised a better office * worked * much harder./,Did someone promise the manager an office?,Y,,0,37,The,16,2,1,12,1,1,3,487,1562933105006,Y,2211,1
214,2,31,target,target_12,C,/+/The new manager * who was * promised a better office * worked * much harder./,Did someone promise the manager an office?,Y,,0,37,new,17,2,2,12,1,2,3,663,1562933105670,Y,2211,1
214,2,31,target,target_12,C,/+/The new manager * who was * promised a better office * worked * much harder./,Did someone promise the manager an office?,Y,,0,37,manager,18,2,3,12,1,3,3,1888,1562933107558,Y,2211,1
214,2,31,target,target_12,C,/+/The new manager * who was * promised a better office * worked * much harder./,Did someone promise the manager an office?,Y,,0,37,who,19,2,4,12,2,1,2,3223,1562933110782,Y,2211,1
214,2,31,target,target_12,C,/+/The new manager * who was * promised a better office * worked * much harder./,Did someone promise the manager an office?,Y,,0,37,was,20,2,5,12,2,2,2,512,1562933111294,Y,2211,1
214,2,31,target,target_12,C,/+/The new manager * who was * promised a better office * worked * much harder./,Did someone promise the manager an office?,Y,,0,37,promised,21,2,6,12,3,1,4,5648,1562933116942,Y,2211,1
214,2,31,target,target_12,C,/+/The new manager * who was * promised a better office * worked * much harder./,Did someone promise the manager an office?,Y,,0,37,was,22,2,5,12,2,2,2,500,1562933117442,Y,2211,1
214,2,31,target,target_12,C,/+/The new manager * who was * promised a better office * worked * much harder./,Did someone promise the manager an office?,Y,,0,37,who,23,2,4,12,2,1,2,380,1562933117822,Y,2211,1
214,2,31,target,target_12,C,/+/The new manager * who was * promised a better office * worked * much harder./,Did someone promise the manager an office?,Y,,0,37,manager,24,2,3,12,1,3,3,512,1562933118334,Y,2211,1
214,2,31,target,target_12,C,/+/The new manager * who was * promised a better office * worked * much harder./,Did someone promise the manager an office?,Y,,0,37,new,25,2,2,12,1,2,3,656,1562933118990,Y,2211,1
214,2,31,target,target_12,C,/+/The new manager * who was * promised a better office * worked * much harder./,Did someone promise the manager an office?,Y,,0,37,The,26,2,1,12,1,1,3,976,1562933119966,Y,2211,1
214,2,31,target,target_12,C,/+/The new manager * who was * promised a better office * worked * much harder./,Did someone promise the manager an office?,Y,,0,37,new,27,2,2,12,1,2,3,704,1562933120670,Y,2211,1
214,2,31,target,target_12,C,/+/The new manager * who was * promised a better office * worked * much harder./,Did someone promise the manager an office?,Y,,0,37,manager,28,2,3,12,1,3,3,968,1562933121638,Y,2211,1
214,2,31,target,target_12,C,/+/The new manager * who was * promised a better office * worked * much harder./,Did someone promise the manager an office?,Y,,0,37,who,29,2,4,12,2,1,2,744,1562933122382,Y,2211,1
214,2,31,target,target_12,C,/+/The new manager * who was * promised a better office * worked * much harder./,Did someone promise the manager an office?,Y,,0,37,was,30,2,5,12,2,2,2,976,1562933123358,Y,2211,1
214,2,31,target,target_12,C,/+/The new manager * who was * promised a better office * worked * much harder./,Did someone promise the manager an office?,Y,,0,37,promised,31,2,6,12,3,1,4,6200,1562933129558,Y,2211,1
214,2,31,target,target_12,C,/+/The new manager * who was * promised a better office * worked * much harder./,Did someone promise the manager an office?,Y,,0,37,a,32,2,7,12,3,2,4,568,1562933130126,Y,2211,1
214,2,31,target,target_12,C,/+/The new manager * who was * promised a better office * worked * much harder./,Did someone promise the manager an office?,Y,,0,37,better,33,2,8,12,3,3,4,768,1562933130894,Y,2211,1
214,2,31,target,target_12,C,/+/The new manager * who was * promised a better office * worked * much harder./,Did someone promise the manager an office?,Y,,0,37,office,34,2,9,12,3,4,4,960,1562933131854,Y,2211,1
214,2,31,target,target_12,C,/+/The new manager * who was * promised a better office * worked * much harder./,Did someone promise the manager an office?,Y,,0,37,worked,35,2,10,12,4,1,1,415,1562933132269,Y,2211,1
214,2,31,target,target_12,C,/+/The new manager * who was * promised a better office * worked * much harder./,Did someone promise the manager an office?,Y,,0,37,much,36,2,11,12,5,1,2,713,1562933132982,Y,2211,1
214,2,31,target,target_12,C,/+/The new manager * who was * promised a better office * worked * much harder./,Did someone promise the manager an office?,Y,,0,37,harder.,37,2,12,12,5,2,2,1248,1562933134230,Y,2211,1
214,2,32,filler,filler_26,,/+/The magazine was expanded greatly in the number of pages./,Was the magazine expanded?,Y,,0,38,+,1,1,1,1,1,1,1,7343,1562933144286,Y,2059,1
214,2,32,filler,filler_26,,/+/The magazine was expanded greatly in the number of pages./,Was the magazine expanded?,Y,,0,38,The,2,2,1,10,1,1,10,680,1562933144966,Y,2059,1
214,2,32,filler,filler_26,,/+/The magazine was expanded greatly in the number of pages./,Was the magazine expanded?,Y,,0,38,magazine,3,2,2,10,1,2,10,591,1562933145557,Y,2059,1
214,2,32,filler,filler_26,,/+/The magazine was expanded greatly in the number of pages./,Was the magazine expanded?,Y,,0,38,was,4,2,3,10,1,3,10,631,1562933146189,Y,2059,1
214,2,32,filler,filler_26,,/+/The magazine was expanded greatly in the number of pages./,Was the magazine expanded?,Y,,0,38,expanded,5,2,4,10,1,4,10,271,1562933146461,Y,2059,1
214,2,32,filler,filler_26,,/+/The magazine was expanded greatly in the number of pages./,Was the magazine expanded?,Y,,0,38,greatly,6,2,5,10,1,5,10,865,1562933147326,Y,2059,1
214,2,32,filler,filler_26,,/+/The magazine was expanded greatly in the number of pages./,Was the magazine expanded?,Y,,0,38,in,7,2,6,10,1,6,10,455,1562933147781,Y,2059,1
214,2,32,filler,filler_26,,/+/The magazine was expanded greatly in the number of pages./,Was the magazine expanded?,Y,,0,38,the,8,2,7,10,1,7,10,391,1562933148173,Y,2059,1
214,2,32,filler,filler_26,,/+/The magazine was expanded greatly in the number of pages./,Was the magazine expanded?,Y,,0,38,number,9,2,8,10,1,8,10,762,1562933148935,Y,2059,1
214,2,32,filler,filler_26,,/+/The magazine was expanded greatly in the number of pages./,Was the magazine expanded?,Y,,0,38,of,10,2,9,10,1,9,10,648,1562933149583,Y,2059,1
214,2,32,filler,filler_26,,/+/The magazine was expanded greatly in the number of pages./,Was the magazine expanded?,Y,,0,38,pages.,11,2,10,10,1,10,10,1696,1562933151279,Y,2059,1
214,2,33,filler,filler_16,,/+/The student with blue eyes made many mistakes of all the class./,Did the student with blue eyes never make mistakes?,N,,0,39,+,1,1,1,1,1,1,1,471,1562933154311,N,1827,1
214,2,33,filler,filler_16,,/+/The student with blue eyes made many mistakes of all the class./,Did the student with blue eyes never make mistakes?,N,,0,39,The,2,2,1,12,1,1,12,1088,1562933155399,N,1827,1
214,2,33,filler,filler_16,,/+/The student with blue eyes made many mistakes of all the class./,Did the student with blue eyes never make mistakes?,N,,0,39,student,3,2,2,12,1,2,12,664,1562933156063,N,1827,1
214,2,33,filler,filler_16,,/+/The student with blue eyes made many mistakes of all the class./,Did the student with blue eyes never make mistakes?,N,,0,39,with,4,2,3,12,1,3,12,1768,1562933157831,N,1827,1
214,2,33,filler,filler_16,,/+/The student with blue eyes made many mistakes of all the class./,Did the student with blue eyes never make mistakes?,N,,0,39,blue,5,2,4,12,1,4,12,815,1562933158646,N,1827,1
214,2,33,filler,filler_16,,/+/The student with blue eyes made many mistakes of all the class./,Did the student with blue eyes never make mistakes?,N,,0,39,eyes,6,2,5,12,1,5,12,401,1562933159047,N,1827,1
214,2,33,filler,filler_16,,/+/The student with blue eyes made many mistakes of all the class./,Did the student with blue eyes never make mistakes?,N,,0,39,made,7,2,6,12,1,6,12,1112,1562933160159,N,1827,1
214,2,33,filler,filler_16,,/+/The student with blue eyes made many mistakes of all the class./,Did the student with blue eyes never make mistakes?,N,,0,39,many,8,2,7,12,1,7,12,336,1562933160495,N,1827,1
214,2,33,filler,filler_16,,/+/The student with blue eyes made many mistakes of all the class./,Did the student with blue eyes never make mistakes?,N,,0,39,mistakes,9,2,8,12,1,8,12,672,1562933161167,N,1827,1
214,2,33,filler,filler_16,,/+/The student with blue eyes made many mistakes of all the class./,Did the student with blue eyes never make mistakes?,N,,0,39,of,10,2,9,12,1,9,12,495,1562933161662,N,1827,1
214,2,33,filler,filler_16,,/+/The student with blue eyes made many mistakes of all the class./,Did the student with blue eyes never make mistakes?,N,,0,39,all,11,2,10,12,1,10,12,417,1562933162079,N,1827,1
214,2,33,filler,filler_16,,/+/The student with blue eyes made many mistakes of all the class./,Did the student with blue eyes never make mistakes?,N,,0,39,the,12,2,11,12,1,11,12,400,1562933162479,N,1827,1
214,2,33,filler,filler_16,,/+/The student with blue eyes made many mistakes of all the class./,Did the student with blue eyes never make mistakes?,N,,0,39,class.,13,2,12,12,1,12,12,3696,1562933166175,N,1827,1
214,2,34,target,target_13,C,/+/An American teenager * who was * refused to enter the bar * burst into * anger./,Did the teenager refuse to enter the bar?,N,,0,40,+,1,1,1,1,1,1,1,487,1562933168991,N,4083,1
214,2,34,target,target_13,C,/+/An American teenager * who was * refused to enter the bar * burst into * anger./,Did the teenager refuse to enter the bar?,N,,0,40,An,2,2,1,13,1,1,3,320,1562933169311,N,4083,1
214,2,34,target,target_13,C,/+/An American teenager * who was * refused to enter the bar * burst into * anger./,Did the teenager refuse to enter the bar?,N,,0,40,American,3,2,2,13,1,2,3,559,1562933169870,N,4083,1
214,2,34,target,target_13,C,/+/An American teenager * who was * refused to enter the bar * burst into * anger./,Did the teenager refuse to enter the bar?,N,,0,40,teenager,4,2,3,13,1,3,3,449,1562933170319,N,4083,1
214,2,34,target,target_13,C,/+/An American teenager * who was * refused to enter the bar * burst into * anger./,Did the teenager refuse to enter the bar?,N,,0,40,who,5,2,4,13,2,1,2,1016,1562933171335,N,4083,1
214,2,34,target,target_13,C,/+/An American teenager * who was * refused to enter the bar * burst into * anger./,Did the teenager refuse to enter the bar?,N,,0,40,was,6,2,5,13,2,2,2,440,1562933171775,N,4083,1
214,2,34,target,target_13,C,/+/An American teenager * who was * refused to enter the bar * burst into * anger./,Did the teenager refuse to enter the bar?,N,,0,40,refused,7,2,6,13,3,1,5,480,1562933172255,N,4083,1
214,2,34,target,target_13,C,/+/An American teenager * who was * refused to enter the bar * burst into * anger./,Did the teenager refuse to enter the bar?,N,,0,40,to,8,2,7,13,3,2,5,3312,1562933175567,N,4083,1
214,2,34,target,target_13,C,/+/An American teenager * who was * refused to enter the bar * burst into * anger./,Did the teenager refuse to enter the bar?,N,,0,40,enter,9,2,8,13,3,3,5,512,1562933176079,N,4083,1
214,2,34,target,target_13,C,/+/An American teenager * who was * refused to enter the bar * burst into * anger./,Did the teenager refuse to enter the bar?,N,,0,40,the,10,2,9,13,3,4,5,432,1562933176511,N,4083,1
214,2,34,target,target_13,C,/+/An American teenager * who was * refused to enter the bar * burst into * anger./,Did the teenager refuse to enter the bar?,N,,0,40,bar,11,2,10,13,3,5,5,512,1562933177023,N,4083,1
214,2,34,target,target_13,C,/+/An American teenager * who was * refused to enter the bar * burst into * anger./,Did the teenager refuse to enter the bar?,N,,0,40,burst,12,2,11,13,4,1,2,528,1562933177551,N,4083,1
214,2,34,target,target_13,C,/+/An American teenager * who was * refused to enter the bar * burst into * anger./,Did the teenager refuse to enter the bar?,N,,0,40,into,13,2,12,13,4,2,2,3688,1562933181239,N,4083,1
214,2,34,target,target_13,C,/+/An American teenager * who was * refused to enter the bar * burst into * anger./,Did the teenager refuse to enter the bar?,N,,0,40,anger.,14,2,13,13,5,1,1,3055,1562933184294,N,4083,1
214,2,34,target,target_13,C,/+/An American teenager * who was * refused to enter the bar * burst into * anger./,Did the teenager refuse to enter the bar?,N,,0,40,into,15,2,12,13,4,2,2,499,1562933184794,N,4083,1
214,2,34,target,target_13,C,/+/An American teenager * who was * refused to enter the bar * burst into * anger./,Did the teenager refuse to enter the bar?,N,,0,40,burst,16,2,11,13,4,1,2,33,1562933184827,N,4083,1
214,2,34,target,target_13,C,/+/An American teenager * who was * refused to enter the bar * burst into * anger./,Did the teenager refuse to enter the bar?,N,,0,40,bar,17,2,10,13,3,5,5,33,1562933184860,N,4083,1
214,2,34,target,target_13,C,/+/An American teenager * who was * refused to enter the bar * burst into * anger./,Did the teenager refuse to enter the bar?,N,,0,40,the,18,2,9,13,3,4,5,33,1562933184893,N,4083,1
214,2,34,target,target_13,C,/+/An American teenager * who was * refused to enter the bar * burst into * anger./,Did the teenager refuse to enter the bar?,N,,0,40,enter,19,2,8,13,3,3,5,33,1562933184926,N,4083,1
214,2,34,target,target_13,C,/+/An American teenager * who was * refused to enter the bar * burst into * anger./,Did the teenager refuse to enter the bar?,N,,0,40,to,20,2,7,13,3,2,5,33,1562933184959,N,4083,1
214,2,34,target,target_13,C,/+/An American teenager * who was * refused to enter the bar * burst into * anger./,Did the teenager refuse to enter the bar?,N,,0,40,refused,21,2,6,13,3,1,5,33,1562933184992,N,4083,1
214,2,34,target,target_13,C,/+/An American teenager * who was * refused to enter the bar * burst into * anger./,Did the teenager refuse to enter the bar?,N,,0,40,was,22,2,5,13,2,2,2,33,1562933185025,N,4083,1
214,2,34,target,target_13,C,/+/An American teenager * who was * refused to enter the bar * burst into * anger./,Did the teenager refuse to enter the bar?,N,,0,40,who,23,2,4,13,2,1,2,33,1562933185058,N,4083,1
214,2,34,target,target_13,C,/+/An American teenager * who was * refused to enter the bar * burst into * anger./,Did the teenager refuse to enter the bar?,N,,0,40,teenager,24,2,3,13,1,3,3,32,1562933185090,N,4083,1
214,2,34,target,target_13,C,/+/An American teenager * who was * refused to enter the bar * burst into * anger./,Did the teenager refuse to enter the bar?,N,,0,40,American,25,2,2,13,1,2,3,33,1562933185124,N,4083,1
214,2,34,target,target_13,C,/+/An American teenager * who was * refused to enter the bar * burst into * anger./,Did the teenager refuse to enter the bar?,N,,0,40,An,26,2,1,13,1,1,3,490,1562933185614,N,4083,1
214,2,34,target,target_13,C,/+/An American teenager * who was * refused to enter the bar * burst into * anger./,Did the teenager refuse to enter the bar?,N,,0,40,American,27,2,2,13,1,2,3,311,1562933185926,N,4083,1
214,2,34,target,target_13,C,/+/An American teenager * who was * refused to enter the bar * burst into * anger./,Did the teenager refuse to enter the bar?,N,,0,40,teenager,28,2,3,13,1,3,3,255,1562933186182,N,4083,1
214,2,34,target,target_13,C,/+/An American teenager * who was * refused to enter the bar * burst into * anger./,Did the teenager refuse to enter the bar?,N,,0,40,who,29,2,4,13,2,1,2,399,1562933186582,N,4083,1
214,2,34,target,target_13,C,/+/An American teenager * who was * refused to enter the bar * burst into * anger./,Did the teenager refuse to enter the bar?,N,,0,40,was,30,2,5,13,2,2,2,351,1562933186934,N,4083,1
214,2,34,target,target_13,C,/+/An American teenager * who was * refused to enter the bar * burst into * anger./,Did the teenager refuse to enter the bar?,N,,0,40,refused,31,2,6,13,3,1,5,335,1562933187270,N,4083,1
214,2,34,target,target_13,C,/+/An American teenager * who was * refused to enter the bar * burst into * anger./,Did the teenager refuse to enter the bar?,N,,0,40,to,32,2,7,13,3,2,5,664,1562933187934,N,4083,1
214,2,34,target,target_13,C,/+/An American teenager * who was * refused to enter the bar * burst into * anger./,Did the teenager refuse to enter the bar?,N,,0,40,enter,33,2,8,13,3,3,5,287,1562933188222,N,4083,1
214,2,34,target,target_13,C,/+/An American teenager * who was * refused to enter the bar * burst into * anger./,Did the teenager refuse to enter the bar?,N,,0,40,the,34,2,9,13,3,4,5,500,1562933188722,N,4083,1
214,2,34,target,target_13,C,/+/An American teenager * who was * refused to enter the bar * burst into * anger./,Did the teenager refuse to enter the bar?,N,,0,40,bar,35,2,10,13,3,5,5,204,1562933188926,N,4083,1
214,2,34,target,target_13,C,/+/An American teenager * who was * refused to enter the bar * burst into * anger./,Did the teenager refuse to enter the bar?,N,,0,40,burst,36,2,11,13,4,1,2,391,1562933189318,N,4083,1
214,2,34,target,target_13,C,/+/An American teenager * who was * refused to enter the bar * burst into * anger./,Did the teenager refuse to enter the bar?,N,,0,40,into,37,2,12,13,4,2,2,303,1562933189623,N,4083,1
214,2,34,target,target_13,C,/+/An American teenager * who was * refused to enter the bar * burst into * anger./,Did the teenager refuse to enter the bar?,N,,0,40,anger.,38,2,13,13,5,1,1,455,1562933190078,N,4083,1
214,2,35,filler,filler_13,,/+/The strange man on the subway sold fake watches to different passengers./,Did the strange man sell fake watches?,Y,,0,41,+,1,1,1,1,1,1,1,583,1562933195246,Y,2132,1
214,2,35,filler,filler_13,,/+/The strange man on the subway sold fake watches to different passengers./,Did the strange man sell fake watches?,Y,,0,41,The,2,2,1,12,1,1,12,352,1562933195598,Y,2132,1
214,2,35,filler,filler_13,,/+/The strange man on the subway sold fake watches to different passengers./,Did the strange man sell fake watches?,Y,,0,41,strange,3,2,2,12,1,2,12,280,1562933195878,Y,2132,1
214,2,35,filler,filler_13,,/+/The strange man on the subway sold fake watches to different passengers./,Did the strange man sell fake watches?,Y,,0,41,man,4,2,3,12,1,3,12,528,1562933196406,Y,2132,1
214,2,35,filler,filler_13,,/+/The strange man on the subway sold fake watches to different passengers./,Did the strange man sell fake watches?,Y,,0,41,on,5,2,4,12,1,4,12,552,1562933196958,Y,2132,1
214,2,35,filler,filler_13,,/+/The strange man on the subway sold fake watches to different passengers./,Did the strange man sell fake watches?,Y,,0,41,the,6,2,5,12,1,5,12,704,1562933197662,Y,2132,1
214,2,35,filler,filler_13,,/+/The strange man on the subway sold fake watches to different passengers./,Did the strange man sell fake watches?,Y,,0,41,subway,7,2,6,12,1,6,12,559,1562933198221,Y,2132,1
214,2,35,filler,filler_13,,/+/The strange man on the subway sold fake watches to different passengers./,Did the strange man sell fake watches?,Y,,0,41,sold,8,2,7,12,1,7,12,449,1562933198670,Y,2132,1
214,2,35,filler,filler_13,,/+/The strange man on the subway sold fake watches to different passengers./,Did the strange man sell fake watches?,Y,,0,41,fake,9,2,8,12,1,8,12,352,1562933199022,Y,2132,1
214,2,35,filler,filler_13,,/+/The strange man on the subway sold fake watches to different passengers./,Did the strange man sell fake watches?,Y,,0,41,watches,10,2,9,12,1,9,12,936,1562933199958,Y,2132,1
214,2,35,filler,filler_13,,/+/The strange man on the subway sold fake watches to different passengers./,Did the strange man sell fake watches?,Y,,0,41,to,11,2,10,12,1,10,12,536,1562933200494,Y,2132,1
214,2,35,filler,filler_13,,/+/The strange man on the subway sold fake watches to different passengers./,Did the strange man sell fake watches?,Y,,0,41,different,12,2,11,12,1,11,12,384,1562933200878,Y,2132,1
214,2,35,filler,filler_13,,/+/The strange man on the subway sold fake watches to different passengers./,Did the strange man sell fake watches?,Y,,0,41,passengers.,13,2,12,12,1,12,12,1624,1562933202502,Y,2132,1
214,2,36,filler,filler_19,,/+/The boss asked the salesman to give some explanations for his mistake./,Did the boss want an explanation from the salesman?,Y,,0,42,+,1,1,1,1,1,1,1,455,1562933205590,Y,1764,1
214,2,36,filler,filler_19,,/+/The boss asked the salesman to give some explanations for his mistake./,Did the boss want an explanation from the salesman?,Y,,0,42,The,2,2,1,12,1,1,12,336,1562933205926,Y,1764,1
214,2,36,filler,filler_19,,/+/The boss asked the salesman to give some explanations for his mistake./,Did the boss want an explanation from the salesman?,Y,,0,42,boss,3,2,2,12,1,2,12,2367,1562933208293,Y,1764,1
214,2,36,filler,filler_19,,/+/The boss asked the salesman to give some explanations for his mistake./,Did the boss want an explanation from the salesman?,Y,,0,42,asked,4,2,3,12,1,3,12,386,1562933208679,Y,1764,1
214,2,36,filler,filler_19,,/+/The boss asked the salesman to give some explanations for his mistake./,Did the boss want an explanation from the salesman?,Y,,0,42,the,5,2,4,12,1,4,12,336,1562933209015,Y,1764,1
214,2,36,filler,filler_19,,/+/The boss asked the salesman to give some explanations for his mistake./,Did the boss want an explanation from the salesman?,Y,,0,42,salesman,6,2,5,12,1,5,12,280,1562933209295,Y,1764,1
214,2,36,filler,filler_19,,/+/The boss asked the salesman to give some explanations for his mistake./,Did the boss want an explanation from the salesman?,Y,,0,42,to,7,2,6,12,1,6,12,472,1562933209767,Y,1764,1
214,2,36,filler,filler_19,,/+/The boss asked the salesman to give some explanations for his mistake./,Did the boss want an explanation from the salesman?,Y,,0,42,give,8,2,7,12,1,7,12,432,1562933210199,Y,1764,1
214,2,36,filler,filler_19,,/+/The boss asked the salesman to give some explanations for his mistake./,Did the boss want an explanation from the salesman?,Y,,0,42,some,9,2,8,12,1,8,12,392,1562933210591,Y,1764,1
214,2,36,filler,filler_19,,/+/The boss asked the salesman to give some explanations for his mistake./,Did the boss want an explanation from the salesman?,Y,,0,42,explanations,10,2,9,12,1,9,12,704,1562933211295,Y,1764,1
214,2,36,filler,filler_19,,/+/The boss asked the salesman to give some explanations for his mistake./,Did the boss want an explanation from the salesman?,Y,,0,42,for,11,2,10,12,1,10,12,464,1562933211759,Y,1764,1
214,2,36,filler,filler_19,,/+/The boss asked the salesman to give some explanations for his mistake./,Did the boss want an explanation from the salesman?,Y,,0,42,his,12,2,11,12,1,11,12,416,1562933212175,Y,1764,1
214,2,36,filler,filler_19,,/+/The boss asked the salesman to give some explanations for his mistake./,Did the boss want an explanation from the salesman?,Y,,0,42,mistake.,13,2,12,12,1,12,12,1240,1562933213415,Y,1764,1
214,2,37,target,target_20,G,/+/The foreign client * answered about the contract * praised on * secretary's patience./,Did the client answer about the contract?,N,,0,43,+,1,1,1,1,1,1,1,471,1562933216151,N,6140,1
214,2,37,target,target_20,G,/+/The foreign client * answered about the contract * praised on * secretary's patience./,Did the client answer about the contract?,N,,0,43,The,2,2,1,11,1,1,3,327,1562933216478,N,6140,1
214,2,37,target,target_20,G,/+/The foreign client * answered about the contract * praised on * secretary's patience./,Did the client answer about the contract?,N,,0,43,foreign,3,2,2,11,1,2,3,361,1562933216839,N,6140,1
214,2,37,target,target_20,G,/+/The foreign client * answered about the contract * praised on * secretary's patience./,Did the client answer about the contract?,N,,0,43,client,4,2,3,11,1,3,3,488,1562933217327,N,6140,1
214,2,37,target,target_20,G,/+/The foreign client * answered about the contract * praised on * secretary's patience./,Did the client answer about the contract?,N,,0,43,answered,5,2,4,11,2,1,4,1680,1562933219007,N,6140,1
214,2,37,target,target_20,G,/+/The foreign client * answered about the contract * praised on * secretary's patience./,Did the client answer about the contract?,N,,0,43,about,6,2,5,11,2,2,4,1296,1562933220303,N,6140,1
214,2,37,target,target_20,G,/+/The foreign client * answered about the contract * praised on * secretary's patience./,Did the client answer about the contract?,N,,0,43,the,7,2,6,11,2,3,4,344,1562933220647,N,6140,1
214,2,37,target,target_20,G,/+/The foreign client * answered about the contract * praised on * secretary's patience./,Did the client answer about the contract?,N,,0,43,contract,8,2,7,11,2,4,4,312,1562933220959,N,6140,1
214,2,37,target,target_20,G,/+/The foreign client * answered about the contract * praised on * secretary's patience./,Did the client answer about the contract?,N,,0,43,praised,9,2,8,11,3,1,2,768,1562933221727,N,6140,1
214,2,37,target,target_20,G,/+/The foreign client * answered about the contract * praised on * secretary's patience./,Did the client answer about the contract?,N,,0,43,on,10,2,9,11,3,2,2,608,1562933222335,N,6140,1
214,2,37,target,target_20,G,/+/The foreign client * answered about the contract * praised on * secretary's patience./,Did the client answer about the contract?,N,,0,43,secretary's,11,2,10,11,4,1,2,904,1562933223239,N,6140,1
214,2,37,target,target_20,G,/+/The foreign client * answered about the contract * praised on * secretary's patience./,Did the client answer about the contract?,N,,0,43,patience.,12,2,11,11,4,2,2,2327,1562933225566,N,6140,1
214,2,37,target,target_20,G,/+/The foreign client * answered about the contract * praised on * secretary's patience./,Did the client answer about the contract?,N,,0,43,secretary's,13,2,10,11,4,1,2,500,1562933226066,N,6140,1
214,2,37,target,target_20,G,/+/The foreign client * answered about the contract * praised on * secretary's patience./,Did the client answer about the contract?,N,,0,43,on,14,2,9,11,3,2,2,33,1562933226099,N,6140,1
214,2,37,target,target_20,G,/+/The foreign client * answered about the contract * praised on * secretary's patience./,Did the client answer about the contract?,N,,0,43,praised,15,2,8,11,3,1,2,33,1562933226132,N,6140,1
214,2,37,target,target_20,G,/+/The foreign client * answered about the contract * praised on * secretary's patience./,Did the client answer about the contract?,N,,0,43,contract,16,2,7,11,2,4,4,33,1562933226165,N,6140,1
214,2,37,target,target_20,G,/+/The foreign client * answered about the contract * praised on * secretary's patience./,Did the client answer about the contract?,N,,0,43,the,17,2,6,11,2,3,4,33,1562933226198,N,6140,1
214,2,37,target,target_20,G,/+/The foreign client * answered about the contract * praised on * secretary's patience./,Did the client answer about the contract?,N,,0,43,about,18,2,5,11,2,2,4,33,1562933226231,N,6140,1
214,2,37,target,target_20,G,/+/The foreign client * answered about the contract * praised on * secretary's patience./,Did the client answer about the contract?,N,,0,43,answered,19,2,4,11,2,1,4,33,1562933226264,N,6140,1
214,2,37,target,target_20,G,/+/The foreign client * answered about the contract * praised on * secretary's patience./,Did the client answer about the contract?,N,,0,43,client,20,2,3,11,1,3,3,33,1562933226297,N,6140,1
214,2,37,target,target_20,G,/+/The foreign client * answered about the contract * praised on * secretary's patience./,Did the client answer about the contract?,N,,0,43,foreign,21,2,2,11,1,2,3,534,1562933226831,N,6140,1
214,2,37,target,target_20,G,/+/The foreign client * answered about the contract * praised on * secretary's patience./,Did the client answer about the contract?,N,,0,43,client,22,2,3,11,1,3,3,871,1562933227702,N,6140,1
214,2,37,target,target_20,G,/+/The foreign client * answered about the contract * praised on * secretary's patience./,Did the client answer about the contract?,N,,0,43,answered,23,2,4,11,2,1,4,1281,1562933228983,N,6140,1
214,2,37,target,target_20,G,/+/The foreign client * answered about the contract * praised on * secretary's patience./,Did the client answer about the contract?,N,,0,43,about,24,2,5,11,2,2,4,368,1562933229351,N,6140,1
214,2,37,target,target_20,G,/+/The foreign client * answered about the contract * praised on * secretary's patience./,Did the client answer about the contract?,N,,0,43,the,25,2,6,11,2,3,4,1072,1562933230423,N,6140,1
214,2,37,target,target_20,G,/+/The foreign client * answered about the contract * praised on * secretary's patience./,Did the client answer about the contract?,N,,0,43,contract,26,2,7,11,2,4,4,303,1562933230726,N,6140,1
214,2,37,target,target_20,G,/+/The foreign client * answered about the contract * praised on * secretary's patience./,Did the client answer about the contract?,N,,0,43,praised,27,2,8,11,3,1,2,3305,1562933234031,N,6140,1
214,2,37,target,target_20,G,/+/The foreign client * answered about the contract * praised on * secretary's patience./,Did the client answer about the contract?,N,,0,43,on,28,2,9,11,3,2,2,2216,1562933236247,N,6140,1
214,2,37,target,target_20,G,/+/The foreign client * answered about the contract * praised on * secretary's patience./,Did the client answer about the contract?,N,,0,43,secretary's,29,2,10,11,4,1,2,3184,1562933239431,N,6140,1
214,2,37,target,target_20,G,/+/The foreign client * answered about the contract * praised on * secretary's patience./,Did the client answer about the contract?,N,,0,43,on,30,2,9,11,3,2,2,499,1562933239930,N,6140,1
214,2,37,target,target_20,G,/+/The foreign client * answered about the contract * praised on * secretary's patience./,Did the client answer about the contract?,N,,0,43,praised,31,2,8,11,3,1,2,32,1562933239963,N,6140,1
214,2,37,target,target_20,G,/+/The foreign client * answered about the contract * praised on * secretary's patience./,Did the client answer about the contract?,N,,0,43,contract,32,2,7,11,2,4,4,32,1562933239996,N,6140,1
214,2,37,target,target_20,G,/+/The foreign client * answered about the contract * praised on * secretary's patience./,Did the client answer about the contract?,N,,0,43,the,33,2,6,11,2,3,4,32,1562933240029,N,6140,1
214,2,37,target,target_20,G,/+/The foreign client * answered about the contract * praised on * secretary's patience./,Did the client answer about the contract?,N,,0,43,about,34,2,5,11,2,2,4,32,1562933240062,N,6140,1
214,2,37,target,target_20,G,/+/The foreign client * answered about the contract * praised on * secretary's patience./,Did the client answer about the contract?,N,,0,43,answered,35,2,4,11,2,1,4,32,1562933240095,N,6140,1
214,2,37,target,target_20,G,/+/The foreign client * answered about the contract * praised on * secretary's patience./,Did the client answer about the contract?,N,,0,43,client,36,2,3,11,1,3,3,32,1562933240128,N,6140,1
214,2,37,target,target_20,G,/+/The foreign client * answered about the contract * praised on * secretary's patience./,Did the client answer about the contract?,N,,0,43,foreign,37,2,2,11,1,2,3,509,1562933240638,N,6140,1
214,2,37,target,target_20,G,/+/The foreign client * answered about the contract * praised on * secretary's patience./,Did the client answer about the contract?,N,,0,43,client,38,2,3,11,1,3,3,559,1562933241198,N,6140,1
214,2,37,target,target_20,G,/+/The foreign client * answered about the contract * praised on * secretary's patience./,Did the client answer about the contract?,N,,0,43,answered,39,2,4,11,2,1,4,328,1562933241527,N,6140,1
214,2,37,target,target_20,G,/+/The foreign client * answered about the contract * praised on * secretary's patience./,Did the client answer about the contract?,N,,0,43,about,40,2,5,11,2,2,4,503,1562933242030,N,6140,1
214,2,37,target,target_20,G,/+/The foreign client * answered about the contract * praised on * secretary's patience./,Did the client answer about the contract?,N,,0,43,the,41,2,6,11,2,3,4,559,1562933242590,N,6140,1
214,2,37,target,target_20,G,/+/The foreign client * answered about the contract * praised on * secretary's patience./,Did the client answer about the contract?,N,,0,43,contract,42,2,7,11,2,4,4,999,1562933243590,N,6140,1
214,2,37,target,target_20,G,/+/The foreign client * answered about the contract * praised on * secretary's patience./,Did the client answer about the contract?,N,,0,43,praised,43,2,8,11,3,1,2,2839,1562933246430,N,6140,1
214,2,37,target,target_20,G,/+/The foreign client * answered about the contract * praised on * secretary's patience./,Did the client answer about the contract?,N,,0,43,contract,44,2,7,11,2,4,4,280,1562933246711,N,6140,1
214,2,37,target,target_20,G,/+/The foreign client * answered about the contract * praised on * secretary's patience./,Did the client answer about the contract?,N,,0,43,the,45,2,6,11,2,3,4,499,1562933247210,N,6140,1
214,2,37,target,target_20,G,/+/The foreign client * answered about the contract * praised on * secretary's patience./,Did the client answer about the contract?,N,,0,43,about,46,2,5,11,2,2,4,33,1562933247243,N,6140,1
214,2,37,target,target_20,G,/+/The foreign client * answered about the contract * praised on * secretary's patience./,Did the client answer about the contract?,N,,0,43,answered,47,2,4,11,2,1,4,33,1562933247276,N,6140,1
214,2,37,target,target_20,G,/+/The foreign client * answered about the contract * praised on * secretary's patience./,Did the client answer about the contract?,N,,0,43,client,48,2,3,11,1,3,3,33,1562933247309,N,6140,1
214,2,37,target,target_20,G,/+/The foreign client * answered about the contract * praised on * secretary's patience./,Did the client answer about the contract?,N,,0,43,foreign,49,2,2,11,1,2,3,33,1562933247342,N,6140,1
214,2,37,target,target_20,G,/+/The foreign client * answered about the contract * praised on * secretary's patience./,Did the client answer about the contract?,N,,0,43,The,50,2,1,11,1,1,3,456,1562933247798,N,6140,1
214,2,37,target,target_20,G,/+/The foreign client * answered about the contract * praised on * secretary's patience./,Did the client answer about the contract?,N,,0,43,foreign,51,2,2,11,1,2,3,296,1562933248094,N,6140,1
214,2,37,target,target_20,G,/+/The foreign client * answered about the contract * praised on * secretary's patience./,Did the client answer about the contract?,N,,0,43,client,52,2,3,11,1,3,3,351,1562933248446,N,6140,1
214,2,37,target,target_20,G,/+/The foreign client * answered about the contract * praised on * secretary's patience./,Did the client answer about the contract?,N,,0,43,answered,53,2,4,11,2,1,4,832,1562933249278,N,6140,1
214,2,37,target,target_20,G,/+/The foreign client * answered about the contract * praised on * secretary's patience./,Did the client answer about the contract?,N,,0,43,about,54,2,5,11,2,2,4,416,1562933249694,N,6140,1
214,2,37,target,target_20,G,/+/The foreign client * answered about the contract * praised on * secretary's patience./,Did the client answer about the contract?,N,,0,43,the,55,2,6,11,2,3,4,576,1562933250270,N,6140,1
214,2,37,target,target_20,G,/+/The foreign client * answered about the contract * praised on * secretary's patience./,Did the client answer about the contract?,N,,0,43,contract,56,2,7,11,2,4,4,1632,1562933251902,N,6140,1
214,2,37,target,target_20,G,/+/The foreign client * answered about the contract * praised on * secretary's patience./,Did the client answer about the contract?,N,,0,43,praised,57,2,8,11,3,1,2,864,1562933252766,N,6140,1
214,2,37,target,target_20,G,/+/The foreign client * answered about the contract * praised on * secretary's patience./,Did the client answer about the contract?,N,,0,43,on,58,2,9,11,3,2,2,976,1562933253742,N,6140,1
214,2,37,target,target_20,G,/+/The foreign client * answered about the contract * praised on * secretary's patience./,Did the client answer about the contract?,N,,0,43,secretary's,59,2,10,11,4,1,2,1248,1562933254990,N,6140,1
214,2,37,target,target_20,G,/+/The foreign client * answered about the contract * praised on * secretary's patience./,Did the client answer about the contract?,N,,0,43,patience.,60,2,11,11,4,2,2,2632,1562933257622,N,6140,1
214,2,37,target,target_20,G,/+/The foreign client * answered about the contract * praised on * secretary's patience./,Did the client answer about the contract?,N,,0,43,secretary's,61,2,10,11,4,1,2,648,1562933258270,N,6140,1
214,2,37,target,target_20,G,/+/The foreign client * answered about the contract * praised on * secretary's patience./,Did the client answer about the contract?,N,,0,43,on,62,2,9,11,3,2,2,608,1562933258878,N,6140,1
214,2,37,target,target_20,G,/+/The foreign client * answered about the contract * praised on * secretary's patience./,Did the client answer about the contract?,N,,0,43,praised,63,2,8,11,3,1,2,500,1562933259378,N,6140,1
214,2,37,target,target_20,G,/+/The foreign client * answered about the contract * praised on * secretary's patience./,Did the client answer about the contract?,N,,0,43,contract,64,2,7,11,2,4,4,33,1562933259411,N,6140,1
214,2,37,target,target_20,G,/+/The foreign client * answered about the contract * praised on * secretary's patience./,Did the client answer about the contract?,N,,0,43,the,65,2,6,11,2,3,4,33,1562933259444,N,6140,1
214,2,37,target,target_20,G,/+/The foreign client * answered about the contract * praised on * secretary's patience./,Did the client answer about the contract?,N,,0,43,about,66,2,5,11,2,2,4,33,1562933259477,N,6140,1
214,2,37,target,target_20,G,/+/The foreign client * answered about the contract * praised on * secretary's patience./,Did the client answer about the contract?,N,,0,43,answered,67,2,4,11,2,1,4,33,1562933259510,N,6140,1
214,2,37,target,target_20,G,/+/The foreign client * answered about the contract * praised on * secretary's patience./,Did the client answer about the contract?,N,,0,43,client,68,2,3,11,1,3,3,33,1562933259543,N,6140,1
214,2,37,target,target_20,G,/+/The foreign client * answered about the contract * praised on * secretary's patience./,Did the client answer about the contract?,N,,0,43,foreign,69,2,2,11,1,2,3,33,1562933259576,N,6140,1
214,2,37,target,target_20,G,/+/The foreign client * answered about the contract * praised on * secretary's patience./,Did the client answer about the contract?,N,,0,43,The,70,2,1,11,1,1,3,582,1562933260158,N,6140,1
214,2,37,target,target_20,G,/+/The foreign client * answered about the contract * praised on * secretary's patience./,Did the client answer about the contract?,N,,0,43,foreign,71,2,2,11,1,2,3,456,1562933260614,N,6140,1
214,2,37,target,target_20,G,/+/The foreign client * answered about the contract * praised on * secretary's patience./,Did the client answer about the contract?,N,,0,43,client,72,2,3,11,1,3,3,421,1562933261038,N,6140,1
214,2,37,target,target_20,G,/+/The foreign client * answered about the contract * praised on * secretary's patience./,Did the client answer about the contract?,N,,0,43,answered,73,2,4,11,2,1,4,936,1562933261974,N,6140,1
214,2,37,target,target_20,G,/+/The foreign client * answered about the contract * praised on * secretary's patience./,Did the client answer about the contract?,N,,0,43,about,74,2,5,11,2,2,4,664,1562933262638,N,6140,1
214,2,37,target,target_20,G,/+/The foreign client * answered about the contract * praised on * secretary's patience./,Did the client answer about the contract?,N,,0,43,the,75,2,6,11,2,3,4,495,1562933263133,N,6140,1
214,2,37,target,target_20,G,/+/The foreign client * answered about the contract * praised on * secretary's patience./,Did the client answer about the contract?,N,,0,43,contract,76,2,7,11,2,4,4,769,1562933263902,N,6140,1
214,2,37,target,target_20,G,/+/The foreign client * answered about the contract * praised on * secretary's patience./,Did the client answer about the contract?,N,,0,43,praised,77,2,8,11,3,1,2,1176,1562933265078,N,6140,1
214,2,37,target,target_20,G,/+/The foreign client * answered about the contract * praised on * secretary's patience./,Did the client answer about the contract?,N,,0,43,contract,78,2,7,11,2,4,4,872,1562933265950,N,6140,1
214,2,37,target,target_20,G,/+/The foreign client * answered about the contract * praised on * secretary's patience./,Did the client answer about the contract?,N,,0,43,praised,79,2,8,11,3,1,2,1271,1562933267221,N,6140,1
214,2,37,target,target_20,G,/+/The foreign client * answered about the contract * praised on * secretary's patience./,Did the client answer about the contract?,N,,0,43,on,80,2,9,11,3,2,2,1354,1562933268575,N,6140,1
214,2,37,target,target_20,G,/+/The foreign client * answered about the contract * praised on * secretary's patience./,Did the client answer about the contract?,N,,0,43,secretary's,81,2,10,11,4,1,2,344,1562933268919,N,6140,1
214,2,37,target,target_20,G,/+/The foreign client * answered about the contract * praised on * secretary's patience./,Did the client answer about the contract?,N,,0,43,patience.,82,2,11,11,4,2,2,375,1562933269294,N,6140,1
214,2,38,filler,filler_23,,/+/All citizens celebrated the New Year cheerfully with a dance party./,Did all citizens have a dance party?,Y,,0,44,+,1,1,1,1,1,1,1,575,1562933276511,Y,2181,1
214,2,38,filler,filler_23,,/+/All citizens celebrated the New Year cheerfully with a dance party./,Did all citizens have a dance party?,Y,,0,44,All,2,2,1,11,1,1,11,632,1562933277143,Y,2181,1
214,2,38,filler,filler_23,,/+/All citizens celebrated the New Year cheerfully with a dance party./,Did all citizens have a dance party?,Y,,0,44,citizens,3,2,2,11,1,2,11,344,1562933277487,Y,2181,1
214,2,38,filler,filler_23,,/+/All citizens celebrated the New Year cheerfully with a dance party./,Did all citizens have a dance party?,Y,,0,44,celebrated,4,2,3,11,1,3,11,1048,1562933278535,Y,2181,1
214,2,38,filler,filler_23,,/+/All citizens celebrated the New Year cheerfully with a dance party./,Did all citizens have a dance party?,Y,,0,44,the,5,2,4,11,1,4,11,1256,1562933279791,Y,2181,1
214,2,38,filler,filler_23,,/+/All citizens celebrated the New Year cheerfully with a dance party./,Did all citizens have a dance party?,Y,,0,44,New,6,2,5,11,1,5,11,712,1562933280503,Y,2181,1
214,2,38,filler,filler_23,,/+/All citizens celebrated the New Year cheerfully with a dance party./,Did all citizens have a dance party?,Y,,0,44,Year,7,2,6,11,1,6,11,392,1562933280895,Y,2181,1
214,2,38,filler,filler_23,,/+/All citizens celebrated the New Year cheerfully with a dance party./,Did all citizens have a dance party?,Y,,0,44,cheerfully,8,2,7,11,1,7,11,672,1562933281567,Y,2181,1
214,2,38,filler,filler_23,,/+/All citizens celebrated the New Year cheerfully with a dance party./,Did all citizens have a dance party?,Y,,0,44,with,9,2,8,11,1,8,11,488,1562933282055,Y,2181,1
214,2,38,filler,filler_23,,/+/All citizens celebrated the New Year cheerfully with a dance party./,Did all citizens have a dance party?,Y,,0,44,a,10,2,9,11,1,9,11,367,1562933282422,Y,2181,1
214,2,38,filler,filler_23,,/+/All citizens celebrated the New Year cheerfully with a dance party./,Did all citizens have a dance party?,Y,,0,44,dance,11,2,10,11,1,10,11,345,1562933282767,Y,2181,1
214,2,38,filler,filler_23,,/+/All citizens celebrated the New Year cheerfully with a dance party./,Did all citizens have a dance party?,Y,,0,44,party.,12,2,11,11,1,11,11,719,1562933283486,Y,2181,1
214,2,39,filler,filler_34,,/+/The pretty lady was a highly skilled worker who lived near the school./,Was the pretty lady a highly skilled worker?,Y,,0,45,+,1,1,1,1,1,1,1,535,1562933286703,Y,2330,1
214,2,39,filler,filler_34,,/+/The pretty lady was a highly skilled worker who lived near the school./,Was the pretty lady a highly skilled worker?,Y,,0,45,The,2,2,1,13,1,1,13,711,1562933287414,Y,2330,1
214,2,39,filler,filler_34,,/+/The pretty lady was a highly skilled worker who lived near the school./,Was the pretty lady a highly skilled worker?,Y,,0,45,pretty,3,2,2,13,1,2,13,625,1562933288039,Y,2330,1
214,2,39,filler,filler_34,,/+/The pretty lady was a highly skilled worker who lived near the school./,Was the pretty lady a highly skilled worker?,Y,,0,45,lady,4,2,3,13,1,3,13,431,1562933288470,Y,2330,1
214,2,39,filler,filler_34,,/+/The pretty lady was a highly skilled worker who lived near the school./,Was the pretty lady a highly skilled worker?,Y,,0,45,was,5,2,4,13,1,4,13,457,1562933288927,Y,2330,1
214,2,39,filler,filler_34,,/+/The pretty lady was a highly skilled worker who lived near the school./,Was the pretty lady a highly skilled worker?,Y,,0,45,a,6,2,5,13,1,5,13,408,1562933289335,Y,2330,1
214,2,39,filler,filler_34,,/+/The pretty lady was a highly skilled worker who lived near the school./,Was the pretty lady a highly skilled worker?,Y,,0,45,highly,7,2,6,13,1,6,13,344,1562933289679,Y,2330,1
214,2,39,filler,filler_34,,/+/The pretty lady was a highly skilled worker who lived near the school./,Was the pretty lady a highly skilled worker?,Y,,0,45,skilled,8,2,7,13,1,7,13,1096,1562933290775,Y,2330,1
214,2,39,filler,filler_34,,/+/The pretty lady was a highly skilled worker who lived near the school./,Was the pretty lady a highly skilled worker?,Y,,0,45,worker,9,2,8,13,1,8,13,656,1562933291431,Y,2330,1
214,2,39,filler,filler_34,,/+/The pretty lady was a highly skilled worker who lived near the school./,Was the pretty lady a highly skilled worker?,Y,,0,45,who,10,2,9,13,1,9,13,543,1562933291974,Y,2330,1
214,2,39,filler,filler_34,,/+/The pretty lady was a highly skilled worker who lived near the school./,Was the pretty lady a highly skilled worker?,Y,,0,45,lived,11,2,10,13,1,10,13,423,1562933292398,Y,2330,1
214,2,39,filler,filler_34,,/+/The pretty lady was a highly skilled worker who lived near the school./,Was the pretty lady a highly skilled worker?,Y,,0,45,near,12,2,11,13,1,11,13,312,1562933292711,Y,2330,1
214,2,39,filler,filler_34,,/+/The pretty lady was a highly skilled worker who lived near the school./,Was the pretty lady a highly skilled worker?,Y,,0,45,the,13,2,12,13,1,12,13,431,1562933293142,Y,2330,1
214,2,39,filler,filler_34,,/+/The pretty lady was a highly skilled worker who lived near the school./,Was the pretty lady a highly skilled worker?,Y,,0,45,school.,14,2,13,13,1,13,13,679,1562933293822,Y,2330,1
214,2,40,target,target_14,G,/+/The fat woman * sold a beautiful dress * left * the store happily./,Did the woman sell a dress?,N,,0,46,+,1,1,1,1,1,1,1,632,1562933297286,N,1835,1
214,2,40,target,target_14,G,/+/The fat woman * sold a beautiful dress * left * the store happily./,Did the woman sell a dress?,N,,0,46,The,2,2,1,11,1,1,3,599,1562933297886,N,1835,1
214,2,40,target,target_14,G,/+/The fat woman * sold a beautiful dress * left * the store happily./,Did the woman sell a dress?,N,,0,46,fat,3,2,2,11,1,2,3,424,1562933298310,N,1835,1
214,2,40,target,target_14,G,/+/The fat woman * sold a beautiful dress * left * the store happily./,Did the woman sell a dress?,N,,0,46,woman,4,2,3,11,1,3,3,375,1562933298686,N,1835,1
214,2,40,target,target_14,G,/+/The fat woman * sold a beautiful dress * left * the store happily./,Did the woman sell a dress?,N,,0,46,sold,5,2,4,11,2,1,4,584,1562933299270,N,1835,1
214,2,40,target,target_14,G,/+/The fat woman * sold a beautiful dress * left * the store happily./,Did the woman sell a dress?,N,,0,46,a,6,2,5,11,2,2,4,464,1562933299734,N,1835,1
214,2,40,target,target_14,G,/+/The fat woman * sold a beautiful dress * left * the store happily./,Did the woman sell a dress?,N,,0,46,beautiful,7,2,6,11,2,3,4,400,1562933300134,N,1835,1
214,2,40,target,target_14,G,/+/The fat woman * sold a beautiful dress * left * the store happily./,Did the woman sell a dress?,N,,0,46,dress,8,2,7,11,2,4,4,992,1562933301126,N,1835,1
214,2,40,target,target_14,G,/+/The fat woman * sold a beautiful dress * left * the store happily./,Did the woman sell a dress?,N,,0,46,left,9,2,8,11,3,1,1,520,1562933301646,N,1835,1
214,2,40,target,target_14,G,/+/The fat woman * sold a beautiful dress * left * the store happily./,Did the woman sell a dress?,N,,0,46,the,10,2,9,11,4,1,3,568,1562933302214,N,1835,1
214,2,40,target,target_14,G,/+/The fat woman * sold a beautiful dress * left * the store happily./,Did the woman sell a dress?,N,,0,46,store,11,2,10,11,4,2,3,520,1562933302734,N,1835,1
214,2,40,target,target_14,G,/+/The fat woman * sold a beautiful dress * left * the store happily./,Did the woman sell a dress?,N,,0,46,happily.,12,2,11,11,4,3,3,2336,1562933305070,N,1835,1
214,2,41,filler,filler_1,,/+/The tall woman had a walk with her husband last night./,Did the woman had a walk alone? ,N,,0,47,+,1,1,1,1,1,1,1,487,1562933307894,N,1683,1
214,2,41,filler,filler_1,,/+/The tall woman had a walk with her husband last night./,Did the woman had a walk alone? ,N,,0,47,The,2,2,1,11,1,1,11,600,1562933308494,N,1683,1
214,2,41,filler,filler_1,,/+/The tall woman had a walk with her husband last night./,Did the woman had a walk alone? ,N,,0,47,tall,3,2,2,11,1,2,11,1872,1562933310366,N,1683,1
214,2,41,filler,filler_1,,/+/The tall woman had a walk with her husband last night./,Did the woman had a walk alone? ,N,,0,47,woman,4,2,3,11,1,3,11,1192,1562933311558,N,1683,1
214,2,41,filler,filler_1,,/+/The tall woman had a walk with her husband last night./,Did the woman had a walk alone? ,N,,0,47,had,5,2,4,11,1,4,11,376,1562933311934,N,1683,1
214,2,41,filler,filler_1,,/+/The tall woman had a walk with her husband last night./,Did the woman had a walk alone? ,N,,0,47,a,6,2,5,11,1,5,11,392,1562933312326,N,1683,1
214,2,41,filler,filler_1,,/+/The tall woman had a walk with her husband last night./,Did the woman had a walk alone? ,N,,0,47,walk,7,2,6,11,1,6,11,360,1562933312686,N,1683,1
214,2,41,filler,filler_1,,/+/The tall woman had a walk with her husband last night./,Did the woman had a walk alone? ,N,,0,47,with,8,2,7,11,1,7,11,656,1562933313342,N,1683,1
214,2,41,filler,filler_1,,/+/The tall woman had a walk with her husband last night./,Did the woman had a walk alone? ,N,,0,47,her,9,2,8,11,1,8,11,559,1562933313901,N,1683,1
214,2,41,filler,filler_1,,/+/The tall woman had a walk with her husband last night./,Did the woman had a walk alone? ,N,,0,47,husband,10,2,9,11,1,9,11,4193,1562933318094,N,1683,1
214,2,41,filler,filler_1,,/+/The tall woman had a walk with her husband last night./,Did the woman had a walk alone? ,N,,0,47,last,11,2,10,11,1,10,11,928,1562933319022,N,1683,1
214,2,41,filler,filler_1,,/+/The tall woman had a walk with her husband last night./,Did the woman had a walk alone? ,N,,0,47,night.,12,2,11,11,1,11,11,1104,1562933320126,N,1683,1
214,2,42,filler,filler_11,,/+/The young student won the first place in the competition on Wednesday./,Did the young student win the competition?,Y,,0,48,+,1,1,1,1,1,1,1,415,1562933322726,Y,1347,1
214,2,42,filler,filler_11,,/+/The young student won the first place in the competition on Wednesday./,Did the young student win the competition?,Y,,0,48,The,2,2,1,12,1,1,12,344,1562933323070,Y,1347,1
214,2,42,filler,filler_11,,/+/The young student won the first place in the competition on Wednesday./,Did the young student win the competition?,Y,,0,48,young,3,2,2,12,1,2,12,400,1562933323470,Y,1347,1
214,2,42,filler,filler_11,,/+/The young student won the first place in the competition on Wednesday./,Did the young student win the competition?,Y,,0,48,student,4,2,3,12,1,3,12,408,1562933323878,Y,1347,1
214,2,42,filler,filler_11,,/+/The young student won the first place in the competition on Wednesday./,Did the young student win the competition?,Y,,0,48,won,5,2,4,12,1,4,12,944,1562933324822,Y,1347,1
214,2,42,filler,filler_11,,/+/The young student won the first place in the competition on Wednesday./,Did the young student win the competition?,Y,,0,48,the,6,2,5,12,1,5,12,400,1562933325222,Y,1347,1
214,2,42,filler,filler_11,,/+/The young student won the first place in the competition on Wednesday./,Did the young student win the competition?,Y,,0,48,first,7,2,6,12,1,6,12,448,1562933325670,Y,1347,1
214,2,42,filler,filler_11,,/+/The young student won the first place in the competition on Wednesday./,Did the young student win the competition?,Y,,0,48,place,8,2,7,12,1,7,12,1112,1562933326782,Y,1347,1
214,2,42,filler,filler_11,,/+/The young student won the first place in the competition on Wednesday./,Did the young student win the competition?,Y,,0,48,in,9,2,8,12,1,8,12,488,1562933327270,Y,1347,1
214,2,42,filler,filler_11,,/+/The young student won the first place in the competition on Wednesday./,Did the young student win the competition?,Y,,0,48,the,10,2,9,12,1,9,12,1897,1562933329167,Y,1347,1
214,2,42,filler,filler_11,,/+/The young student won the first place in the competition on Wednesday./,Did the young student win the competition?,Y,,0,48,competition,11,2,10,12,1,10,12,1608,1562933330775,Y,1347,1
214,2,42,filler,filler_11,,/+/The young student won the first place in the competition on Wednesday./,Did the young student win the competition?,Y,,0,48,on,12,2,11,12,1,11,12,480,1562933331255,Y,1347,1
214,2,42,filler,filler_11,,/+/The young student won the first place in the competition on Wednesday./,Did the young student win the competition?,Y,,0,48,Wednesday.,13,2,12,12,1,12,12,831,1562933332086,Y,1347,1
214,2,43,filler,filler_29,,/+/The poor parents were not able to send their children to school./,Could the parents afford their children to school?,N,,0,49,+,1,1,1,1,1,1,1,535,1562933334470,N,2347,1
214,2,43,filler,filler_29,,/+/The poor parents were not able to send their children to school./,Could the parents afford their children to school?,N,,0,49,The,2,2,1,12,1,1,12,751,1562933335222,N,2347,1
214,2,43,filler,filler_29,,/+/The poor parents were not able to send their children to school./,Could the parents afford their children to school?,N,,0,49,poor,3,2,2,12,1,2,12,536,1562933335758,N,2347,1
214,2,43,filler,filler_29,,/+/The poor parents were not able to send their children to school./,Could the parents afford their children to school?,N,,0,49,parents,4,2,3,12,1,3,12,527,1562933336286,N,2347,1
214,2,43,filler,filler_29,,/+/The poor parents were not able to send their children to school./,Could the parents afford their children to school?,N,,0,49,were,5,2,4,12,1,4,12,1263,1562933337550,N,2347,1
214,2,43,filler,filler_29,,/+/The poor parents were not able to send their children to school./,Could the parents afford their children to school?,N,,0,49,not,6,2,5,12,1,5,12,392,1562933337942,N,2347,1
214,2,43,filler,filler_29,,/+/The poor parents were not able to send their children to school./,Could the parents afford their children to school?,N,,0,49,able,7,2,6,12,1,6,12,487,1562933338430,N,2347,1
214,2,43,filler,filler_29,,/+/The poor parents were not able to send their children to school./,Could the parents afford their children to school?,N,,0,49,to,8,2,7,12,1,7,12,296,1562933338726,N,2347,1
214,2,43,filler,filler_29,,/+/The poor parents were not able to send their children to school./,Could the parents afford their children to school?,N,,0,49,send,9,2,8,12,1,8,12,664,1562933339390,N,2347,1
214,2,43,filler,filler_29,,/+/The poor parents were not able to send their children to school./,Could the parents afford their children to school?,N,,0,49,their,10,2,9,12,1,9,12,624,1562933340014,N,2347,1
214,2,43,filler,filler_29,,/+/The poor parents were not able to send their children to school./,Could the parents afford their children to school?,N,,0,49,children,11,2,10,12,1,10,12,800,1562933340814,N,2347,1
214,2,43,filler,filler_29,,/+/The poor parents were not able to send their children to school./,Could the parents afford their children to school?,N,,0,49,to,12,2,11,12,1,11,12,704,1562933341518,N,2347,1
214,2,43,filler,filler_29,,/+/The poor parents were not able to send their children to school./,Could the parents afford their children to school?,N,,0,49,school.,13,2,12,12,1,12,12,4256,1562933345774,N,2347,1
214,2,44,target,target_3,C,/+/A silly boy * who was * called during the play * left * the theater quickly./,Did somebody call the boy during the play?,Y,,0,50,+,1,1,1,1,1,1,1,511,1562933349134,Y,1507,1
214,2,44,target,target_3,C,/+/A silly boy * who was * called during the play * left * the theater quickly./,Did somebody call the boy during the play?,Y,,0,50,A,2,2,1,13,1,1,3,424,1562933349558,Y,1507,1
214,2,44,target,target_3,C,/+/A silly boy * who was * called during the play * left * the theater quickly./,Did somebody call the boy during the play?,Y,,0,50,silly,3,2,2,13,1,2,3,472,1562933350030,Y,1507,1
214,2,44,target,target_3,C,/+/A silly boy * who was * called during the play * left * the theater quickly./,Did somebody call the boy during the play?,Y,,0,50,boy,4,2,3,13,1,3,3,423,1562933350453,Y,1507,1
214,2,44,target,target_3,C,/+/A silly boy * who was * called during the play * left * the theater quickly./,Did somebody call the boy during the play?,Y,,0,50,who,5,2,4,13,2,1,2,408,1562933350862,Y,1507,1
214,2,44,target,target_3,C,/+/A silly boy * who was * called during the play * left * the theater quickly./,Did somebody call the boy during the play?,Y,,0,50,was,6,2,5,13,2,2,2,424,1562933351286,Y,1507,1
214,2,44,target,target_3,C,/+/A silly boy * who was * called during the play * left * the theater quickly./,Did somebody call the boy during the play?,Y,,0,50,called,7,2,6,13,3,1,4,664,1562933351950,Y,1507,1
214,2,44,target,target_3,C,/+/A silly boy * who was * called during the play * left * the theater quickly./,Did somebody call the boy during the play?,Y,,0,50,during,8,2,7,13,3,2,4,2928,1562933354878,Y,1507,1
214,2,44,target,target_3,C,/+/A silly boy * who was * called during the play * left * the theater quickly./,Did somebody call the boy during the play?,Y,,0,50,the,9,2,8,13,3,3,4,872,1562933355750,Y,1507,1
214,2,44,target,target_3,C,/+/A silly boy * who was * called during the play * left * the theater quickly./,Did somebody call the boy during the play?,Y,,0,50,play,10,2,9,13,3,4,4,568,1562933356318,Y,1507,1
214,2,44,target,target_3,C,/+/A silly boy * who was * called during the play * left * the theater quickly./,Did somebody call the boy during the play?,Y,,0,50,left,11,2,10,13,4,1,1,960,1562933357278,Y,1507,1
214,2,44,target,target_3,C,/+/A silly boy * who was * called during the play * left * the theater quickly./,Did somebody call the boy during the play?,Y,,0,50,the,12,2,11,13,5,1,3,496,1562933357774,Y,1507,1
214,2,44,target,target_3,C,/+/A silly boy * who was * called during the play * left * the theater quickly./,Did somebody call the boy during the play?,Y,,0,50,theater,13,2,12,13,5,2,3,735,1562933358509,Y,1507,1
214,2,44,target,target_3,C,/+/A silly boy * who was * called during the play * left * the theater quickly./,Did somebody call the boy during the play?,Y,,0,50,quickly.,14,2,13,13,5,3,3,721,1562933359230,Y,1507,1
214,2,45,filler,filler_14,,/+/The professor told that gesture was an important tool to convey messages./,Did the professor tell the importance of gesture?,Y,,0,51,+,1,1,1,1,1,1,1,463,1562933361702,Y,2628,1
214,2,45,filler,filler_14,,/+/The professor told that gesture was an important tool to convey messages./,Did the professor tell the importance of gesture?,Y,,0,51,The,2,2,1,12,1,1,12,440,1562933362142,Y,2628,1
214,2,45,filler,filler_14,,/+/The professor told that gesture was an important tool to convey messages./,Did the professor tell the importance of gesture?,Y,,0,51,professor,3,2,2,12,1,2,12,560,1562933362702,Y,2628,1
214,2,45,filler,filler_14,,/+/The professor told that gesture was an important tool to convey messages./,Did the professor tell the importance of gesture?,Y,,0,51,told,4,2,3,12,1,3,12,552,1562933363254,Y,2628,1
214,2,45,filler,filler_14,,/+/The professor told that gesture was an important tool to convey messages./,Did the professor tell the importance of gesture?,Y,,0,51,that,5,2,4,12,1,4,12,528,1562933363782,Y,2628,1
214,2,45,filler,filler_14,,/+/The professor told that gesture was an important tool to convey messages./,Did the professor tell the importance of gesture?,Y,,0,51,gesture,6,2,5,12,1,5,12,1184,1562933364966,Y,2628,1
214,2,45,filler,filler_14,,/+/The professor told that gesture was an important tool to convey messages./,Did the professor tell the importance of gesture?,Y,,0,51,was,7,2,6,12,1,6,12,2776,1562933367742,Y,2628,1
214,2,45,filler,filler_14,,/+/The professor told that gesture was an important tool to convey messages./,Did the professor tell the importance of gesture?,Y,,0,51,an,8,2,7,12,1,7,12,496,1562933368238,Y,2628,1
214,2,45,filler,filler_14,,/+/The professor told that gesture was an important tool to convey messages./,Did the professor tell the importance of gesture?,Y,,0,51,important,9,2,8,12,1,8,12,488,1562933368726,Y,2628,1
214,2,45,filler,filler_14,,/+/The professor told that gesture was an important tool to convey messages./,Did the professor tell the importance of gesture?,Y,,0,51,tool,10,2,9,12,1,9,12,416,1562933369142,Y,2628,1
214,2,45,filler,filler_14,,/+/The professor told that gesture was an important tool to convey messages./,Did the professor tell the importance of gesture?,Y,,0,51,to,11,2,10,12,1,10,12,439,1562933369581,Y,2628,1
214,2,45,filler,filler_14,,/+/The professor told that gesture was an important tool to convey messages./,Did the professor tell the importance of gesture?,Y,,0,51,convey,12,2,11,12,1,11,12,1409,1562933370990,Y,2628,1
214,2,45,filler,filler_14,,/+/The professor told that gesture was an important tool to convey messages./,Did the professor tell the importance of gesture?,Y,,0,51,messages.,13,2,12,12,1,12,12,687,1562933371677,Y,2628,1
214,2,46,filler,filler_31,,/+/The tour guide gave some helpful suggestions which made the trip perfect./,Were the tour guide's suggestions useless?,N,,0,52,+,1,1,1,1,1,1,1,473,1562933375278,N,3221,1
214,2,46,filler,filler_31,,/+/The tour guide gave some helpful suggestions which made the trip perfect./,Were the tour guide's suggestions useless?,N,,0,52,The,2,2,1,12,1,1,12,383,1562933375661,N,3221,1
214,2,46,filler,filler_31,,/+/The tour guide gave some helpful suggestions which made the trip perfect./,Were the tour guide's suggestions useless?,N,,0,52,tour,3,2,2,12,1,2,12,361,1562933376022,N,3221,1
214,2,46,filler,filler_31,,/+/The tour guide gave some helpful suggestions which made the trip perfect./,Were the tour guide's suggestions useless?,N,,0,52,guide,4,2,3,12,1,3,12,392,1562933376414,N,3221,1
214,2,46,filler,filler_31,,/+/The tour guide gave some helpful suggestions which made the trip perfect./,Were the tour guide's suggestions useless?,N,,0,52,gave,5,2,4,12,1,4,12,672,1562933377086,N,3221,1
214,2,46,filler,filler_31,,/+/The tour guide gave some helpful suggestions which made the trip perfect./,Were the tour guide's suggestions useless?,N,,0,52,some,6,2,5,12,1,5,12,415,1562933377501,N,3221,1
214,2,46,filler,filler_31,,/+/The tour guide gave some helpful suggestions which made the trip perfect./,Were the tour guide's suggestions useless?,N,,0,52,helpful,7,2,6,12,1,6,12,1279,1562933378781,N,3221,1
214,2,46,filler,filler_31,,/+/The tour guide gave some helpful suggestions which made the trip perfect./,Were the tour guide's suggestions useless?,N,,0,52,suggestions,8,2,7,12,1,7,12,2120,1562933380901,N,3221,1
214,2,46,filler,filler_31,,/+/The tour guide gave some helpful suggestions which made the trip perfect./,Were the tour guide's suggestions useless?,N,,0,52,which,9,2,8,12,1,8,12,1823,1562933382725,N,3221,1
214,2,46,filler,filler_31,,/+/The tour guide gave some helpful suggestions which made the trip perfect./,Were the tour guide's suggestions useless?,N,,0,52,made,10,2,9,12,1,9,12,487,1562933383213,N,3221,1
214,2,46,filler,filler_31,,/+/The tour guide gave some helpful suggestions which made the trip perfect./,Were the tour guide's suggestions useless?,N,,0,52,the,11,2,10,12,1,10,12,455,1562933383669,N,3221,1
214,2,46,filler,filler_31,,/+/The tour guide gave some helpful suggestions which made the trip perfect./,Were the tour guide's suggestions useless?,N,,0,52,trip,12,2,11,12,1,11,12,1016,1562933384685,N,3221,1
214,2,46,filler,filler_31,,/+/The tour guide gave some helpful suggestions which made the trip perfect./,Were the tour guide's suggestions useless?,N,,0,52,perfect.,13,2,12,12,1,12,12,2111,1562933386797,N,3221,1
214,2,47,target,target_16,G,/+/Several angry workers * told about low wages * decided * to have a protest./,Did the workers tell about low wages?,N,,0,53,+,1,1,1,1,1,1,1,551,1562933391071,N,3108,1
214,2,47,target,target_16,G,/+/Several angry workers * told about low wages * decided * to have a protest./,Did the workers tell about low wages?,N,,0,53,Several,2,2,1,12,1,1,3,2360,1562933393431,N,3108,1
214,2,47,target,target_16,G,/+/Several angry workers * told about low wages * decided * to have a protest./,Did the workers tell about low wages?,N,,0,53,angry,3,2,2,12,1,2,3,800,1562933394231,N,3108,1
214,2,47,target,target_16,G,/+/Several angry workers * told about low wages * decided * to have a protest./,Did the workers tell about low wages?,N,,0,53,workers,4,2,3,12,1,3,3,2544,1562933396775,N,3108,1
214,2,47,target,target_16,G,/+/Several angry workers * told about low wages * decided * to have a protest./,Did the workers tell about low wages?,N,,0,53,angry,5,2,2,12,1,2,3,592,1562933397367,N,3108,1
214,2,47,target,target_16,G,/+/Several angry workers * told about low wages * decided * to have a protest./,Did the workers tell about low wages?,N,,0,53,workers,6,2,3,12,1,3,3,783,1562933398150,N,3108,1
214,2,47,target,target_16,G,/+/Several angry workers * told about low wages * decided * to have a protest./,Did the workers tell about low wages?,N,,0,53,told,7,2,4,12,2,1,4,1521,1562933399671,N,3108,1
214,2,47,target,target_16,G,/+/Several angry workers * told about low wages * decided * to have a protest./,Did the workers tell about low wages?,N,,0,53,about,8,2,5,12,2,2,4,688,1562933400359,N,3108,1
214,2,47,target,target_16,G,/+/Several angry workers * told about low wages * decided * to have a protest./,Did the workers tell about low wages?,N,,0,53,low,9,2,6,12,2,3,4,616,1562933400975,N,3108,1
214,2,47,target,target_16,G,/+/Several angry workers * told about low wages * decided * to have a protest./,Did the workers tell about low wages?,N,,0,53,wages,10,2,7,12,2,4,4,896,1562933401871,N,3108,1
214,2,47,target,target_16,G,/+/Several angry workers * told about low wages * decided * to have a protest./,Did the workers tell about low wages?,N,,0,53,decided,11,2,8,12,3,1,1,744,1562933402615,N,3108,1
214,2,47,target,target_16,G,/+/Several angry workers * told about low wages * decided * to have a protest./,Did the workers tell about low wages?,N,,0,53,to,12,2,9,12,4,1,4,535,1562933403150,N,3108,1
214,2,47,target,target_16,G,/+/Several angry workers * told about low wages * decided * to have a protest./,Did the workers tell about low wages?,N,,0,53,have,13,2,10,12,4,2,4,441,1562933403591,N,3108,1
214,2,47,target,target_16,G,/+/Several angry workers * told about low wages * decided * to have a protest./,Did the workers tell about low wages?,N,,0,53,a,14,2,11,12,4,3,4,416,1562933404007,N,3108,1
214,2,47,target,target_16,G,/+/Several angry workers * told about low wages * decided * to have a protest./,Did the workers tell about low wages?,N,,0,53,protest.,15,2,12,12,4,4,4,1424,1562933405431,N,3108,1
214,2,48,filler,filler_32,,/+/The science lecture competition held last month was a big success./,Was the science lecture competition a big success?,Y,,0,54,+,1,1,1,1,1,1,1,503,1562933409543,Y,2235,1
214,2,48,filler,filler_32,,/+/The science lecture competition held last month was a big success./,Was the science lecture competition a big success?,Y,,0,54,The,2,2,1,11,1,1,11,888,1562933410431,Y,2235,1
214,2,48,filler,filler_32,,/+/The science lecture competition held last month was a big success./,Was the science lecture competition a big success?,Y,,0,54,science,3,2,2,11,1,2,11,1160,1562933411591,Y,2235,1
214,2,48,filler,filler_32,,/+/The science lecture competition held last month was a big success./,Was the science lecture competition a big success?,Y,,0,54,lecture,4,2,3,11,1,3,11,1816,1562933413407,Y,2235,1
214,2,48,filler,filler_32,,/+/The science lecture competition held last month was a big success./,Was the science lecture competition a big success?,Y,,0,54,competition,5,2,4,11,1,4,11,4295,1562933417702,Y,2235,1
214,2,48,filler,filler_32,,/+/The science lecture competition held last month was a big success./,Was the science lecture competition a big success?,Y,,0,54,held,6,2,5,11,1,5,11,1496,1562933419199,Y,2235,1
214,2,48,filler,filler_32,,/+/The science lecture competition held last month was a big success./,Was the science lecture competition a big success?,Y,,0,54,last,7,2,6,11,1,6,11,879,1562933420078,Y,2235,1
214,2,48,filler,filler_32,,/+/The science lecture competition held last month was a big success./,Was the science lecture competition a big success?,Y,,0,54,month,8,2,7,11,1,7,11,463,1562933420542,Y,2235,1
214,2,48,filler,filler_32,,/+/The science lecture competition held last month was a big success./,Was the science lecture competition a big success?,Y,,0,54,was,9,2,8,11,1,8,11,648,1562933421190,Y,2235,1
214,2,48,filler,filler_32,,/+/The science lecture competition held last month was a big success./,Was the science lecture competition a big success?,Y,,0,54,a,10,2,9,11,1,9,11,400,1562933421590,Y,2235,1
214,2,48,filler,filler_32,,/+/The science lecture competition held last month was a big success./,Was the science lecture competition a big success?,Y,,0,54,big,11,2,10,11,1,10,11,312,1562933421902,Y,2235,1
214,2,48,filler,filler_32,,/+/The science lecture competition held last month was a big success./,Was the science lecture competition a big success?,Y,,0,54,success.,12,2,11,11,1,11,11,352,1562933422254,Y,2235,1
214,2,49,filler,filler_12,,/+/The engineer said that the price of the house was too high./,Was the house cheap? ,N,,0,55,+,1,1,1,1,1,1,1,17391,1562933442382,N,1188,1
214,2,49,filler,filler_12,,/+/The engineer said that the price of the house was too high./,Was the house cheap? ,N,,0,55,The,2,2,1,12,1,1,12,463,1562933442846,N,1188,1
214,2,49,filler,filler_12,,/+/The engineer said that the price of the house was too high./,Was the house cheap? ,N,,0,55,engineer,3,2,2,12,1,2,12,632,1562933443478,N,1188,1
214,2,49,filler,filler_12,,/+/The engineer said that the price of the house was too high./,Was the house cheap? ,N,,0,55,said,4,2,3,12,1,3,12,472,1562933443950,N,1188,1
214,2,49,filler,filler_12,,/+/The engineer said that the price of the house was too high./,Was the house cheap? ,N,,0,55,that,5,2,4,12,1,4,12,384,1562933444334,N,1188,1
214,2,49,filler,filler_12,,/+/The engineer said that the price of the house was too high./,Was the house cheap? ,N,,0,55,the,6,2,5,12,1,5,12,327,1562933444661,N,1188,1
214,2,49,filler,filler_12,,/+/The engineer said that the price of the house was too high./,Was the house cheap? ,N,,0,55,price,7,2,6,12,1,6,12,369,1562933445030,N,1188,1
214,2,49,filler,filler_12,,/+/The engineer said that the price of the house was too high./,Was the house cheap? ,N,,0,55,of,8,2,7,12,1,7,12,608,1562933445638,N,1188,1
214,2,49,filler,filler_12,,/+/The engineer said that the price of the house was too high./,Was the house cheap? ,N,,0,55,the,9,2,8,12,1,8,12,448,1562933446086,N,1188,1
214,2,49,filler,filler_12,,/+/The engineer said that the price of the house was too high./,Was the house cheap? ,N,,0,55,house,10,2,9,12,1,9,12,711,1562933446797,N,1188,1
214,2,49,filler,filler_12,,/+/The engineer said that the price of the house was too high./,Was the house cheap? ,N,,0,55,was,11,2,10,12,1,10,12,553,1562933447350,N,1188,1
214,2,49,filler,filler_12,,/+/The engineer said that the price of the house was too high./,Was the house cheap? ,N,,0,55,too,12,2,11,12,1,11,12,479,1562933447829,N,1188,1
214,2,49,filler,filler_12,,/+/The engineer said that the price of the house was too high./,Was the house cheap? ,N,,0,55,high.,13,2,12,12,1,12,12,1065,1562933448894,N,1188,1
214,2,50,filler,filler_9,,/+/The old uncle was woken up by the strong earthquake./,Was the uncle woken up by the earthquake?,Y,,0,56,+,1,1,1,1,1,1,1,599,1562933451183,Y,2563,1
214,2,50,filler,filler_9,,/+/The old uncle was woken up by the strong earthquake./,Was the uncle woken up by the earthquake?,Y,,0,56,The,2,2,1,10,1,1,10,503,1562933451687,Y,2563,1
214,2,50,filler,filler_9,,/+/The old uncle was woken up by the strong earthquake./,Was the uncle woken up by the earthquake?,Y,,0,56,old,3,2,2,10,1,2,10,431,1562933452119,Y,2563,1
214,2,50,filler,filler_9,,/+/The old uncle was woken up by the strong earthquake./,Was the uncle woken up by the earthquake?,Y,,0,56,uncle,4,2,3,10,1,3,10,343,1562933452463,Y,2563,1
214,2,50,filler,filler_9,,/+/The old uncle was woken up by the strong earthquake./,Was the uncle woken up by the earthquake?,Y,,0,56,was,5,2,4,10,1,4,10,639,1562933453103,Y,2563,1
214,2,50,filler,filler_9,,/+/The old uncle was woken up by the strong earthquake./,Was the uncle woken up by the earthquake?,Y,,0,56,woken,6,2,5,10,1,5,10,544,1562933453647,Y,2563,1
214,2,50,filler,filler_9,,/+/The old uncle was woken up by the strong earthquake./,Was the uncle woken up by the earthquake?,Y,,0,56,up,7,2,6,10,1,6,10,1056,1562933454703,Y,2563,1
214,2,50,filler,filler_9,,/+/The old uncle was woken up by the strong earthquake./,Was the uncle woken up by the earthquake?,Y,,0,56,by,8,2,7,10,1,7,10,440,1562933455143,Y,2563,1
214,2,50,filler,filler_9,,/+/The old uncle was woken up by the strong earthquake./,Was the uncle woken up by the earthquake?,Y,,0,56,the,9,2,8,10,1,8,10,303,1562933455447,Y,2563,1
214,2,50,filler,filler_9,,/+/The old uncle was woken up by the strong earthquake./,Was the uncle woken up by the earthquake?,Y,,0,56,strong,10,2,9,10,1,9,10,520,1562933455967,Y,2563,1
214,2,50,filler,filler_9,,/+/The old uncle was woken up by the strong earthquake./,Was the uncle woken up by the earthquake?,Y,,0,56,earthquake.,11,2,10,10,1,10,10,904,1562933456871,Y,2563,1
214,2,51,target,target_17,C,/+/The hungry child * who was * bought a chocolate * followed * his mother closely./,Did the child buy a chocolate?,N,,0,57,+,1,1,1,1,1,1,1,464,1562933460399,N,2131,1
214,2,51,target,target_17,C,/+/The hungry child * who was * bought a chocolate * followed * his mother closely./,Did the child buy a chocolate?,N,,0,57,The,2,2,1,12,1,1,3,688,1562933461087,N,2131,1
214,2,51,target,target_17,C,/+/The hungry child * who was * bought a chocolate * followed * his mother closely./,Did the child buy a chocolate?,N,,0,57,hungry,3,2,2,12,1,2,3,496,1562933461583,N,2131,1
214,2,51,target,target_17,C,/+/The hungry child * who was * bought a chocolate * followed * his mother closely./,Did the child buy a chocolate?,N,,0,57,child,4,2,3,12,1,3,3,416,1562933461999,N,2131,1
214,2,51,target,target_17,C,/+/The hungry child * who was * bought a chocolate * followed * his mother closely./,Did the child buy a chocolate?,N,,0,57,who,5,2,4,12,2,1,2,752,1562933462751,N,2131,1
214,2,51,target,target_17,C,/+/The hungry child * who was * bought a chocolate * followed * his mother closely./,Did the child buy a chocolate?,N,,0,57,was,6,2,5,12,2,2,2,440,1562933463191,N,2131,1
214,2,51,target,target_17,C,/+/The hungry child * who was * bought a chocolate * followed * his mother closely./,Did the child buy a chocolate?,N,,0,57,bought,7,2,6,12,3,1,3,360,1562933463551,N,2131,1
214,2,51,target,target_17,C,/+/The hungry child * who was * bought a chocolate * followed * his mother closely./,Did the child buy a chocolate?,N,,0,57,a,8,2,7,12,3,2,3,552,1562933464103,N,2131,1
214,2,51,target,target_17,C,/+/The hungry child * who was * bought a chocolate * followed * his mother closely./,Did the child buy a chocolate?,N,,0,57,chocolate,9,2,8,12,3,3,3,1888,1562933465991,N,2131,1
214,2,51,target,target_17,C,/+/The hungry child * who was * bought a chocolate * followed * his mother closely./,Did the child buy a chocolate?,N,,0,57,followed,10,2,9,12,4,1,1,736,1562933466727,N,2131,1
214,2,51,target,target_17,C,/+/The hungry child * who was * bought a chocolate * followed * his mother closely./,Did the child buy a chocolate?,N,,0,57,his,11,2,10,12,5,1,3,496,1562933467223,N,2131,1
214,2,51,target,target_17,C,/+/The hungry child * who was * bought a chocolate * followed * his mother closely./,Did the child buy a chocolate?,N,,0,57,mother,12,2,11,12,5,2,3,783,1562933468006,N,2131,1
214,2,51,target,target_17,C,/+/The hungry child * who was * bought a chocolate * followed * his mother closely./,Did the child buy a chocolate?,N,,0,57,closely.,13,2,12,12,5,3,3,761,1562933468767,N,2131,1
214,2,52,filler,filler_3,,/+/The ticket enabled the guest to have a free meal in a Chinese restaurant./,Did the ticket enable a free meal?,Y,,0,58,+,1,1,1,1,1,1,1,654,1562933472054,Y,1835,1
214,2,52,filler,filler_3,,/+/The ticket enabled the guest to have a free meal in a Chinese restaurant./,Did the ticket enable a free meal?,Y,,0,58,The,2,2,1,14,1,1,14,488,1562933472543,Y,1835,1
214,2,52,filler,filler_3,,/+/The ticket enabled the guest to have a free meal in a Chinese restaurant./,Did the ticket enable a free meal?,Y,,0,58,ticket,3,2,2,14,1,2,14,583,1562933473126,Y,1835,1
214,2,52,filler,filler_3,,/+/The ticket enabled the guest to have a free meal in a Chinese restaurant./,Did the ticket enable a free meal?,Y,,0,58,enabled,4,2,3,14,1,3,14,1071,1562933474198,Y,1835,1
214,2,52,filler,filler_3,,/+/The ticket enabled the guest to have a free meal in a Chinese restaurant./,Did the ticket enable a free meal?,Y,,0,58,the,5,2,4,14,1,4,14,3137,1562933477335,Y,1835,1
214,2,52,filler,filler_3,,/+/The ticket enabled the guest to have a free meal in a Chinese restaurant./,Did the ticket enable a free meal?,Y,,0,58,guest,6,2,5,14,1,5,14,1392,1562933478727,Y,1835,1
214,2,52,filler,filler_3,,/+/The ticket enabled the guest to have a free meal in a Chinese restaurant./,Did the ticket enable a free meal?,Y,,0,58,to,7,2,6,14,1,6,14,1591,1562933480318,Y,1835,1
214,2,52,filler,filler_3,,/+/The ticket enabled the guest to have a free meal in a Chinese restaurant./,Did the ticket enable a free meal?,Y,,0,58,have,8,2,7,14,1,7,14,385,1562933480703,Y,1835,1
214,2,52,filler,filler_3,,/+/The ticket enabled the guest to have a free meal in a Chinese restaurant./,Did the ticket enable a free meal?,Y,,0,58,a,9,2,8,14,1,8,14,344,1562933481047,Y,1835,1
214,2,52,filler,filler_3,,/+/The ticket enabled the guest to have a free meal in a Chinese restaurant./,Did the ticket enable a free meal?,Y,,0,58,free,10,2,9,14,1,9,14,312,1562933481359,Y,1835,1
214,2,52,filler,filler_3,,/+/The ticket enabled the guest to have a free meal in a Chinese restaurant./,Did the ticket enable a free meal?,Y,,0,58,meal,11,2,10,14,1,10,14,1144,1562933482503,Y,1835,1
214,2,52,filler,filler_3,,/+/The ticket enabled the guest to have a free meal in a Chinese restaurant./,Did the ticket enable a free meal?,Y,,0,58,in,12,2,11,14,1,11,14,896,1562933483399,Y,1835,1
214,2,52,filler,filler_3,,/+/The ticket enabled the guest to have a free meal in a Chinese restaurant./,Did the ticket enable a free meal?,Y,,0,58,a,13,2,12,14,1,12,14,400,1562933483799,Y,1835,1
214,2,52,filler,filler_3,,/+/The ticket enabled the guest to have a free meal in a Chinese restaurant./,Did the ticket enable a free meal?,Y,,0,58,Chinese,14,2,13,14,1,13,14,640,1562933484439,Y,1835,1
214,2,52,filler,filler_3,,/+/The ticket enabled the guest to have a free meal in a Chinese restaurant./,Did the ticket enable a free meal?,Y,,0,58,restaurant.,15,2,14,14,1,14,14,752,1562933485191,Y,1835,1
214,2,53,filler,filler_39,,/+/The young boy spent a great deal of money on English learning books./,Did the young boy spend a great deal of money?,Y,,0,59,+,1,1,1,1,1,1,1,519,1562933488047,Y,1739,1
214,2,53,filler,filler_39,,/+/The young boy spent a great deal of money on English learning books./,Did the young boy spend a great deal of money?,Y,,0,59,The,2,2,1,13,1,1,13,472,1562933488519,Y,1739,1
214,2,53,filler,filler_39,,/+/The young boy spent a great deal of money on English learning books./,Did the young boy spend a great deal of money?,Y,,0,59,young,3,2,2,13,1,2,13,767,1562933489286,Y,1739,1
214,2,53,filler,filler_39,,/+/The young boy spent a great deal of money on English learning books./,Did the young boy spend a great deal of money?,Y,,0,59,boy,4,2,3,13,1,3,13,752,1562933490039,Y,1739,1
214,2,53,filler,filler_39,,/+/The young boy spent a great deal of money on English learning books./,Did the young boy spend a great deal of money?,Y,,0,59,spent,5,2,4,13,1,4,13,648,1562933490687,Y,1739,1
214,2,53,filler,filler_39,,/+/The young boy spent a great deal of money on English learning books./,Did the young boy spend a great deal of money?,Y,,0,59,a,6,2,5,13,1,5,13,2616,1562933493303,Y,1739,1
214,2,53,filler,filler_39,,/+/The young boy spent a great deal of money on English learning books./,Did the young boy spend a great deal of money?,Y,,0,59,great,7,2,6,13,1,6,13,720,1562933494023,Y,1739,1
214,2,53,filler,filler_39,,/+/The young boy spent a great deal of money on English learning books./,Did the young boy spend a great deal of money?,Y,,0,59,deal,8,2,7,13,1,7,13,591,1562933494614,Y,1739,1
214,2,53,filler,filler_39,,/+/The young boy spent a great deal of money on English learning books./,Did the young boy spend a great deal of money?,Y,,0,59,of,9,2,8,13,1,8,13,1023,1562933495638,Y,1739,1
214,2,53,filler,filler_39,,/+/The young boy spent a great deal of money on English learning books./,Did the young boy spend a great deal of money?,Y,,0,59,money,10,2,9,13,1,9,13,487,1562933496126,Y,1739,1
214,2,53,filler,filler_39,,/+/The young boy spent a great deal of money on English learning books./,Did the young boy spend a great deal of money?,Y,,0,59,on,11,2,10,13,1,10,13,775,1562933496902,Y,1739,1
214,2,53,filler,filler_39,,/+/The young boy spent a great deal of money on English learning books./,Did the young boy spend a great deal of money?,Y,,0,59,English,12,2,11,13,1,11,13,463,1562933497366,Y,1739,1
214,2,53,filler,filler_39,,/+/The young boy spent a great deal of money on English learning books./,Did the young boy spend a great deal of money?,Y,,0,59,learning,13,2,12,13,1,12,13,687,1562933498054,Y,1739,1
214,2,53,filler,filler_39,,/+/The young boy spent a great deal of money on English learning books./,Did the young boy spend a great deal of money?,Y,,0,59,books.,14,2,13,13,1,13,13,671,1562933498726,Y,1739,1
214,2,54,target,target_11,G,/+/The university student * informed of the meeting * got up * in a hurry./,Did someone inform the student of the meeting?,Y,,0,60,+,1,1,1,1,1,1,1,511,1562933501478,Y,1940,1
214,2,54,target,target_11,G,/+/The university student * informed of the meeting * got up * in a hurry./,Did someone inform the student of the meeting?,Y,,0,60,The,2,2,1,12,1,1,3,480,1562933501958,Y,1940,1
214,2,54,target,target_11,G,/+/The university student * informed of the meeting * got up * in a hurry./,Did someone inform the student of the meeting?,Y,,0,60,university,3,2,2,12,1,2,3,584,1562933502542,Y,1940,1
214,2,54,target,target_11,G,/+/The university student * informed of the meeting * got up * in a hurry./,Did someone inform the student of the meeting?,Y,,0,60,student,4,2,3,12,1,3,3,592,1562933503134,Y,1940,1
214,2,54,target,target_11,G,/+/The university student * informed of the meeting * got up * in a hurry./,Did someone inform the student of the meeting?,Y,,0,60,informed,5,2,4,12,2,1,4,664,1562933503798,Y,1940,1
214,2,54,target,target_11,G,/+/The university student * informed of the meeting * got up * in a hurry./,Did someone inform the student of the meeting?,Y,,0,60,of,6,2,5,12,2,2,4,1400,1562933505198,Y,1940,1
214,2,54,target,target_11,G,/+/The university student * informed of the meeting * got up * in a hurry./,Did someone inform the student of the meeting?,Y,,0,60,the,7,2,6,12,2,3,4,624,1562933505822,Y,1940,1
214,2,54,target,target_11,G,/+/The university student * informed of the meeting * got up * in a hurry./,Did someone inform the student of the meeting?,Y,,0,60,meeting,8,2,7,12,2,4,4,616,1562933506438,Y,1940,1
214,2,54,target,target_11,G,/+/The university student * informed of the meeting * got up * in a hurry./,Did someone inform the student of the meeting?,Y,,0,60,got,9,2,8,12,3,1,2,576,1562933507014,Y,1940,1
214,2,54,target,target_11,G,/+/The university student * informed of the meeting * got up * in a hurry./,Did someone inform the student of the meeting?,Y,,0,60,up,10,2,9,12,3,2,2,1032,1562933508046,Y,1940,1
214,2,54,target,target_11,G,/+/The university student * informed of the meeting * got up * in a hurry./,Did someone inform the student of the meeting?,Y,,0,60,in,11,2,10,12,4,1,3,616,1562933508662,Y,1940,1
214,2,54,target,target_11,G,/+/The university student * informed of the meeting * got up * in a hurry./,Did someone inform the student of the meeting?,Y,,0,60,a,12,2,11,12,4,2,3,440,1562933509102,Y,1940,1
214,2,54,target,target_11,G,/+/The university student * informed of the meeting * got up * in a hurry./,Did someone inform the student of the meeting?,Y,,0,60,hurry.,13,2,12,12,4,3,3,784,1562933509886,Y,1940,1
214,2,55,filler,filler_28,,/+/The new restaurant became more and more popular with families./,Did the new restaurant become unpopular?,N,,0,61,+,1,1,1,1,1,1,1,639,1562933512967,N,2172,1
214,2,55,filler,filler_28,,/+/The new restaurant became more and more popular with families./,Did the new restaurant become unpopular?,N,,0,61,The,2,2,1,10,1,1,10,512,1562933513479,N,2172,1
214,2,55,filler,filler_28,,/+/The new restaurant became more and more popular with families./,Did the new restaurant become unpopular?,N,,0,61,new,3,2,2,10,1,2,10,664,1562933514143,N,2172,1
214,2,55,filler,filler_28,,/+/The new restaurant became more and more popular with families./,Did the new restaurant become unpopular?,N,,0,61,restaurant,4,2,3,10,1,3,10,1032,1562933515175,N,2172,1
214,2,55,filler,filler_28,,/+/The new restaurant became more and more popular with families./,Did the new restaurant become unpopular?,N,,0,61,became,5,2,4,10,1,4,10,2543,1562933517718,N,2172,1
214,2,55,filler,filler_28,,/+/The new restaurant became more and more popular with families./,Did the new restaurant become unpopular?,N,,0,61,more,6,2,5,10,1,5,10,489,1562933518207,N,2172,1
214,2,55,filler,filler_28,,/+/The new restaurant became more and more popular with families./,Did the new restaurant become unpopular?,N,,0,61,and,7,2,6,10,1,6,10,408,1562933518615,N,2172,1
214,2,55,filler,filler_28,,/+/The new restaurant became more and more popular with families./,Did the new restaurant become unpopular?,N,,0,61,more,8,2,7,10,1,7,10,576,1562933519191,N,2172,1
214,2,55,filler,filler_28,,/+/The new restaurant became more and more popular with families./,Did the new restaurant become unpopular?,N,,0,61,popular,9,2,8,10,1,8,10,2016,1562933521207,N,2172,1
214,2,55,filler,filler_28,,/+/The new restaurant became more and more popular with families./,Did the new restaurant become unpopular?,N,,0,61,with,10,2,9,10,1,9,10,376,1562933521583,N,2172,1
214,2,55,filler,filler_28,,/+/The new restaurant became more and more popular with families./,Did the new restaurant become unpopular?,N,,0,61,families.,11,2,10,10,1,10,10,2215,1562933523798,N,2172,1
214,2,56,filler,filler_8,,/+/The postman used up all his energy in the busy afternoon./,Did the postman use up his energy?,Y,,0,62,+,1,1,1,1,1,1,1,423,1562933526894,Y,1859,1
214,2,56,filler,filler_8,,/+/The postman used up all his energy in the busy afternoon./,Did the postman use up his energy?,Y,,0,62,The,2,2,1,11,1,1,11,393,1562933527287,Y,1859,1
214,2,56,filler,filler_8,,/+/The postman used up all his energy in the busy afternoon./,Did the postman use up his energy?,Y,,0,62,postman,3,2,2,11,1,2,11,1291,1562933528578,Y,1859,1
214,2,56,filler,filler_8,,/+/The postman used up all his energy in the busy afternoon./,Did the postman use up his energy?,Y,,0,62,used,4,2,3,11,1,3,11,813,1562933529391,Y,1859,1
214,2,56,filler,filler_8,,/+/The postman used up all his energy in the busy afternoon./,Did the postman use up his energy?,Y,,0,62,up,5,2,4,11,1,4,11,344,1562933529735,Y,1859,1
214,2,56,filler,filler_8,,/+/The postman used up all his energy in the busy afternoon./,Did the postman use up his energy?,Y,,0,62,all,6,2,5,11,1,5,11,416,1562933530151,Y,1859,1
214,2,56,filler,filler_8,,/+/The postman used up all his energy in the busy afternoon./,Did the postman use up his energy?,Y,,0,62,his,7,2,6,11,1,6,11,448,1562933530599,Y,1859,1
214,2,56,filler,filler_8,,/+/The postman used up all his energy in the busy afternoon./,Did the postman use up his energy?,Y,,0,62,energy,8,2,7,11,1,7,11,672,1562933531271,Y,1859,1
214,2,56,filler,filler_8,,/+/The postman used up all his energy in the busy afternoon./,Did the postman use up his energy?,Y,,0,62,in,9,2,8,11,1,8,11,1944,1562933533215,Y,1859,1
214,2,56,filler,filler_8,,/+/The postman used up all his energy in the busy afternoon./,Did the postman use up his energy?,Y,,0,62,the,10,2,9,11,1,9,11,455,1562933533670,Y,1859,1
214,2,56,filler,filler_8,,/+/The postman used up all his energy in the busy afternoon./,Did the postman use up his energy?,Y,,0,62,busy,11,2,10,11,1,10,11,687,1562933534358,Y,1859,1
214,2,56,filler,filler_8,,/+/The postman used up all his energy in the busy afternoon./,Did the postman use up his energy?,Y,,0,62,afternoon.,12,2,11,11,1,11,11,1455,1562933535814,Y,1859,1
214,2,57,filler,filler_4,,/+/The teacher did not suggest that the whole book should be read./,Did the teacher suggest reading the whole book?,N,,0,63,+,1,1,1,1,1,1,1,471,1562933538646,N,3843,1
214,2,57,filler,filler_4,,/+/The teacher did not suggest that the whole book should be read./,Did the teacher suggest reading the whole book?,N,,0,63,The,2,2,1,12,1,1,12,623,1562933539270,N,3843,1
214,2,57,filler,filler_4,,/+/The teacher did not suggest that the whole book should be read./,Did the teacher suggest reading the whole book?,N,,0,63,teacher,3,2,2,12,1,2,12,928,1562933540198,N,3843,1
214,2,57,filler,filler_4,,/+/The teacher did not suggest that the whole book should be read./,Did the teacher suggest reading the whole book?,N,,0,63,did,4,2,3,12,1,3,12,800,1562933540998,N,3843,1
214,2,57,filler,filler_4,,/+/The teacher did not suggest that the whole book should be read./,Did the teacher suggest reading the whole book?,N,,0,63,not,5,2,4,12,1,4,12,720,1562933541718,N,3843,1
214,2,57,filler,filler_4,,/+/The teacher did not suggest that the whole book should be read./,Did the teacher suggest reading the whole book?,N,,0,63,suggest,6,2,5,12,1,5,12,768,1562933542486,N,3843,1
214,2,57,filler,filler_4,,/+/The teacher did not suggest that the whole book should be read./,Did the teacher suggest reading the whole book?,N,,0,63,that,7,2,6,12,1,6,12,704,1562933543190,N,3843,1
214,2,57,filler,filler_4,,/+/The teacher did not suggest that the whole book should be read./,Did the teacher suggest reading the whole book?,N,,0,63,the,8,2,7,12,1,7,12,584,1562933543774,N,3843,1
214,2,57,filler,filler_4,,/+/The teacher did not suggest that the whole book should be read./,Did the teacher suggest reading the whole book?,N,,0,63,whole,9,2,8,12,1,8,12,440,1562933544214,N,3843,1
214,2,57,filler,filler_4,,/+/The teacher did not suggest that the whole book should be read./,Did the teacher suggest reading the whole book?,N,,0,63,book,10,2,9,12,1,9,12,544,1562933544758,N,3843,1
214,2,57,filler,filler_4,,/+/The teacher did not suggest that the whole book should be read./,Did the teacher suggest reading the whole book?,N,,0,63,should,11,2,10,12,1,10,12,728,1562933545486,N,3843,1
214,2,57,filler,filler_4,,/+/The teacher did not suggest that the whole book should be read./,Did the teacher suggest reading the whole book?,N,,0,63,be,12,2,11,12,1,11,12,1128,1562933546614,N,3843,1
214,2,57,filler,filler_4,,/+/The teacher did not suggest that the whole book should be read./,Did the teacher suggest reading the whole book?,N,,0,63,read.,13,2,12,12,1,12,12,2968,1562933549582,N,3843,1
214,2,58,target,target_19,C,/+/The kind grandma * who was * brought a New Year present * gave * her grandson money in return./,Did the grandma bring a present?,N,,0,64,+,1,1,1,1,1,1,1,1559,1562933555486,N,2620,1
214,2,58,target,target_19,C,/+/The kind grandma * who was * brought a New Year present * gave * her grandson money in return./,Did the grandma bring a present?,N,,0,64,The,2,2,1,16,1,1,3,592,1562933556078,N,2620,1
214,2,58,target,target_19,C,/+/The kind grandma * who was * brought a New Year present * gave * her grandson money in return./,Did the grandma bring a present?,N,,0,64,kind,3,2,2,16,1,2,3,480,1562933556558,N,2620,1
214,2,58,target,target_19,C,/+/The kind grandma * who was * brought a New Year present * gave * her grandson money in return./,Did the grandma bring a present?,N,,0,64,grandma,4,2,3,16,1,3,3,1040,1562933557598,N,2620,1
214,2,58,target,target_19,C,/+/The kind grandma * who was * brought a New Year present * gave * her grandson money in return./,Did the grandma bring a present?,N,,0,64,who,5,2,4,16,2,1,2,1264,1562933558862,N,2620,1
214,2,58,target,target_19,C,/+/The kind grandma * who was * brought a New Year present * gave * her grandson money in return./,Did the grandma bring a present?,N,,0,64,was,6,2,5,16,2,2,2,1112,1562933559974,N,2620,1
214,2,58,target,target_19,C,/+/The kind grandma * who was * brought a New Year present * gave * her grandson money in return./,Did the grandma bring a present?,N,,0,64,brought,7,2,6,16,3,1,5,471,1562933560445,N,2620,1
214,2,58,target,target_19,C,/+/The kind grandma * who was * brought a New Year present * gave * her grandson money in return./,Did the grandma bring a present?,N,,0,64,a,8,2,7,16,3,2,5,545,1562933560990,N,2620,1
214,2,58,target,target_19,C,/+/The kind grandma * who was * brought a New Year present * gave * her grandson money in return./,Did the grandma bring a present?,N,,0,64,New,9,2,8,16,3,3,5,1176,1562933562166,N,2620,1
214,2,58,target,target_19,C,/+/The kind grandma * who was * brought a New Year present * gave * her grandson money in return./,Did the grandma bring a present?,N,,0,64,Year,10,2,9,16,3,4,5,408,1562933562574,N,2620,1
214,2,58,target,target_19,C,/+/The kind grandma * who was * brought a New Year present * gave * her grandson money in return./,Did the grandma bring a present?,N,,0,64,present,11,2,10,16,3,5,5,416,1562933562990,N,2620,1
214,2,58,target,target_19,C,/+/The kind grandma * who was * brought a New Year present * gave * her grandson money in return./,Did the grandma bring a present?,N,,0,64,gave,12,2,11,16,4,1,1,688,1562933563678,N,2620,1
214,2,58,target,target_19,C,/+/The kind grandma * who was * brought a New Year present * gave * her grandson money in return./,Did the grandma bring a present?,N,,0,64,her,13,2,12,16,5,1,5,640,1562933564318,N,2620,1
214,2,58,target,target_19,C,/+/The kind grandma * who was * brought a New Year present * gave * her grandson money in return./,Did the grandma bring a present?,N,,0,64,grandson,14,2,13,16,5,2,5,872,1562933565190,N,2620,1
214,2,58,target,target_19,C,/+/The kind grandma * who was * brought a New Year present * gave * her grandson money in return./,Did the grandma bring a present?,N,,0,64,money,15,2,14,16,5,3,5,816,1562933566006,N,2620,1
214,2,58,target,target_19,C,/+/The kind grandma * who was * brought a New Year present * gave * her grandson money in return./,Did the grandma bring a present?,N,,0,64,in,16,2,15,16,5,4,5,535,1562933566541,N,2620,1
214,2,58,target,target_19,C,/+/The kind grandma * who was * brought a New Year present * gave * her grandson money in return./,Did the grandma bring a present?,N,,0,64,return.,17,2,16,16,5,5,5,1513,1562933568054,N,2620,1
214,2,58,target,target_19,C,/+/The kind grandma * who was * brought a New Year present * gave * her grandson money in return./,Did the grandma bring a present?,N,,0,64,in,18,2,15,16,5,4,5,498,1562933568552,N,2620,1
214,2,58,target,target_19,C,/+/The kind grandma * who was * brought a New Year present * gave * her grandson money in return./,Did the grandma bring a present?,N,,0,64,money,19,2,14,16,5,3,5,33,1562933568586,N,2620,1
214,2,58,target,target_19,C,/+/The kind grandma * who was * brought a New Year present * gave * her grandson money in return./,Did the grandma bring a present?,N,,0,64,grandson,20,2,13,16,5,2,5,33,1562933568619,N,2620,1
214,2,58,target,target_19,C,/+/The kind grandma * who was * brought a New Year present * gave * her grandson money in return./,Did the grandma bring a present?,N,,0,64,her,21,2,12,16,5,1,5,33,1562933568652,N,2620,1
214,2,58,target,target_19,C,/+/The kind grandma * who was * brought a New Year present * gave * her grandson money in return./,Did the grandma bring a present?,N,,0,64,gave,22,2,11,16,4,1,1,33,1562933568685,N,2620,1
214,2,58,target,target_19,C,/+/The kind grandma * who was * brought a New Year present * gave * her grandson money in return./,Did the grandma bring a present?,N,,0,64,present,23,2,10,16,3,5,5,33,1562933568718,N,2620,1
214,2,58,target,target_19,C,/+/The kind grandma * who was * brought a New Year present * gave * her grandson money in return./,Did the grandma bring a present?,N,,0,64,Year,24,2,9,16,3,4,5,33,1562933568751,N,2620,1
214,2,58,target,target_19,C,/+/The kind grandma * who was * brought a New Year present * gave * her grandson money in return./,Did the grandma bring a present?,N,,0,64,New,25,2,8,16,3,3,5,33,1562933568784,N,2620,1
214,2,58,target,target_19,C,/+/The kind grandma * who was * brought a New Year present * gave * her grandson money in return./,Did the grandma bring a present?,N,,0,64,a,26,2,7,16,3,2,5,653,1562933569437,N,2620,1
214,2,58,target,target_19,C,/+/The kind grandma * who was * brought a New Year present * gave * her grandson money in return./,Did the grandma bring a present?,N,,0,64,New,27,2,8,16,3,3,5,321,1562933569758,N,2620,1
214,2,58,target,target_19,C,/+/The kind grandma * who was * brought a New Year present * gave * her grandson money in return./,Did the grandma bring a present?,N,,0,64,Year,28,2,9,16,3,4,5,328,1562933570086,N,2620,1
214,2,58,target,target_19,C,/+/The kind grandma * who was * brought a New Year present * gave * her grandson money in return./,Did the grandma bring a present?,N,,0,64,present,29,2,10,16,3,5,5,520,1562933570606,N,2620,1
214,2,58,target,target_19,C,/+/The kind grandma * who was * brought a New Year present * gave * her grandson money in return./,Did the grandma bring a present?,N,,0,64,gave,30,2,11,16,4,1,1,480,1562933571086,N,2620,1
214,2,58,target,target_19,C,/+/The kind grandma * who was * brought a New Year present * gave * her grandson money in return./,Did the grandma bring a present?,N,,0,64,her,31,2,12,16,5,1,5,383,1562933571469,N,2620,1
214,2,58,target,target_19,C,/+/The kind grandma * who was * brought a New Year present * gave * her grandson money in return./,Did the grandma bring a present?,N,,0,64,grandson,32,2,13,16,5,2,5,289,1562933571758,N,2620,1
214,2,58,target,target_19,C,/+/The kind grandma * who was * brought a New Year present * gave * her grandson money in return./,Did the grandma bring a present?,N,,0,64,money,33,2,14,16,5,3,5,432,1562933572190,N,2620,1
214,2,58,target,target_19,C,/+/The kind grandma * who was * brought a New Year present * gave * her grandson money in return./,Did the grandma bring a present?,N,,0,64,in,34,2,15,16,5,4,5,857,1562933573047,N,2620,1
214,2,58,target,target_19,C,/+/The kind grandma * who was * brought a New Year present * gave * her grandson money in return./,Did the grandma bring a present?,N,,0,64,return.,35,2,16,16,5,5,5,543,1562933573591,N,2620,1
214,2,59,filler,filler_40,,/+/Twenty students were asked to vote on when to repair the dormitory./,Were forty students asked to vote?,N,,0,65,+,1,1,1,1,1,1,1,3959,1562933580671,Y,2611,0
214,2,59,filler,filler_40,,/+/Twenty students were asked to vote on when to repair the dormitory./,Were forty students asked to vote?,N,,0,65,Twenty,2,2,1,12,1,1,12,720,1562933581391,Y,2611,0
214,2,59,filler,filler_40,,/+/Twenty students were asked to vote on when to repair the dormitory./,Were forty students asked to vote?,N,,0,65,students,3,2,2,12,1,2,12,1272,1562933582663,Y,2611,0
214,2,59,filler,filler_40,,/+/Twenty students were asked to vote on when to repair the dormitory./,Were forty students asked to vote?,N,,0,65,were,4,2,3,12,1,3,12,584,1562933583247,Y,2611,0
214,2,59,filler,filler_40,,/+/Twenty students were asked to vote on when to repair the dormitory./,Were forty students asked to vote?,N,,0,65,asked,5,2,4,12,1,4,12,680,1562933583927,Y,2611,0
214,2,59,filler,filler_40,,/+/Twenty students were asked to vote on when to repair the dormitory./,Were forty students asked to vote?,N,,0,65,to,6,2,5,12,1,5,12,368,1562933584295,Y,2611,0
214,2,59,filler,filler_40,,/+/Twenty students were asked to vote on when to repair the dormitory./,Were forty students asked to vote?,N,,0,65,vote,7,2,6,12,1,6,12,344,1562933584639,Y,2611,0
214,2,59,filler,filler_40,,/+/Twenty students were asked to vote on when to repair the dormitory./,Were forty students asked to vote?,N,,0,65,on,8,2,7,12,1,7,12,432,1562933585071,Y,2611,0
214,2,59,filler,filler_40,,/+/Twenty students were asked to vote on when to repair the dormitory./,Were forty students asked to vote?,N,,0,65,when,9,2,8,12,1,8,12,752,1562933585823,Y,2611,0
214,2,59,filler,filler_40,,/+/Twenty students were asked to vote on when to repair the dormitory./,Were forty students asked to vote?,N,,0,65,to,10,2,9,12,1,9,12,927,1562933586750,Y,2611,0
214,2,59,filler,filler_40,,/+/Twenty students were asked to vote on when to repair the dormitory./,Were forty students asked to vote?,N,,0,65,repair,11,2,10,12,1,10,12,1136,1562933587887,Y,2611,0
214,2,59,filler,filler_40,,/+/Twenty students were asked to vote on when to repair the dormitory./,Were forty students asked to vote?,N,,0,65,the,12,2,11,12,1,11,12,744,1562933588631,Y,2611,0
214,2,59,filler,filler_40,,/+/Twenty students were asked to vote on when to repair the dormitory./,Were forty students asked to vote?,N,,0,65,dormitory.,13,2,12,12,1,12,12,1648,1562933590279,Y,2611,0
214,2,60,target,target_5,G,/+/Many small stones * dropped from the cliff * damaged * passing cars below./,Did somebody drop many stones from the cliff?,Y,,0,66,+,1,1,1,1,1,1,1,703,1562933594095,N,1692,0
214,2,60,target,target_5,G,/+/Many small stones * dropped from the cliff * damaged * passing cars below./,Did somebody drop many stones from the cliff?,Y,,0,66,Many,2,2,1,11,1,1,3,592,1562933594687,N,1692,0
214,2,60,target,target_5,G,/+/Many small stones * dropped from the cliff * damaged * passing cars below./,Did somebody drop many stones from the cliff?,Y,,0,66,small,3,2,2,11,1,2,3,704,1562933595391,N,1692,0
214,2,60,target,target_5,G,/+/Many small stones * dropped from the cliff * damaged * passing cars below./,Did somebody drop many stones from the cliff?,Y,,0,66,stones,4,2,3,11,1,3,3,784,1562933596175,N,1692,0
214,2,60,target,target_5,G,/+/Many small stones * dropped from the cliff * damaged * passing cars below./,Did somebody drop many stones from the cliff?,Y,,0,66,dropped,5,2,4,11,2,1,4,1504,1562933597679,N,1692,0
214,2,60,target,target_5,G,/+/Many small stones * dropped from the cliff * damaged * passing cars below./,Did somebody drop many stones from the cliff?,Y,,0,66,from,6,2,5,11,2,2,4,1064,1562933598743,N,1692,0
214,2,60,target,target_5,G,/+/Many small stones * dropped from the cliff * damaged * passing cars below./,Did somebody drop many stones from the cliff?,Y,,0,66,the,7,2,6,11,2,3,4,584,1562933599327,N,1692,0
214,2,60,target,target_5,G,/+/Many small stones * dropped from the cliff * damaged * passing cars below./,Did somebody drop many stones from the cliff?,Y,,0,66,cliff,8,2,7,11,2,4,4,591,1562933599918,N,1692,0
214,2,60,target,target_5,G,/+/Many small stones * dropped from the cliff * damaged * passing cars below./,Did somebody drop many stones from the cliff?,Y,,0,66,damaged,9,2,8,11,3,1,1,1225,1562933601143,N,1692,0
214,2,60,target,target_5,G,/+/Many small stones * dropped from the cliff * damaged * passing cars below./,Did somebody drop many stones from the cliff?,Y,,0,66,passing,10,2,9,11,4,1,3,616,1562933601759,N,1692,0
214,2,60,target,target_5,G,/+/Many small stones * dropped from the cliff * damaged * passing cars below./,Did somebody drop many stones from the cliff?,Y,,0,66,cars,11,2,10,11,4,2,3,792,1562933602551,N,1692,0
214,2,60,target,target_5,G,/+/Many small stones * dropped from the cliff * damaged * passing cars below./,Did somebody drop many stones from the cliff?,Y,,0,66,below.,12,2,11,11,4,3,3,976,1562933603527,N,1692,0
